Sample	0	1	2	3	4	5	6	7	8	9	10	11	12	13	14	15
DRR049635	(1.0, 19.043929335569736)	(2.0, 8.26814678294459)	(3.0, 4.254650342585959)	(4.0, 2.817854988583481)	(5.0, 2.096527705131369)	(6.0, 1.6334015771745056)	(7.0, 1.2800163555064472)	(8.0, 1.1439890673801225)	(9.0, 0.9957025953727439)	('>10', 13.697635342071385)	('>50', 5.74894567284764)	('>100', 15.193377891823001)	('>500', 7.12074691080337)	('>1k', 11.923114788565998)	('>5k', 2.736822403732563)	('>10k+', 2.045138239906875)
DRR049636	(1.0, 33.982739740697376)	(2.0, 12.340410939996485)	(3.0, 5.098621256164875)	(4.0, 2.9934198905421474)	(5.0, 2.1086343080752252)	(6.0, 1.5605277473245358)	(7.0, 1.2459157145455007)	(8.0, 1.016241175098507)	(9.0, 0.8599255834958945)	('>10', 10.203337701552941)	('>50', 3.545391004674684)	('>100', 8.926826424031917)	('>500', 3.8843517751956123)	('>1k', 7.3975447086264845)	('>5k', 2.0178267594483006)	('>10k+', 2.8182852705294708)
DRR049637	(1.0, 31.008385027384183)	(2.0, 12.911668218894848)	(3.0, 5.781982435078193)	(4.0, 3.329731015440734)	(5.0, 2.335032730041825)	(6.0, 1.8646751372039139)	(7.0, 1.3807593514794214)	(8.0, 1.1514711810588119)	(9.0, 1.0453438371316373)	('>10', 12.247401063445167)	('>50', 3.9585073091856646)	('>100', 8.58553979608831)	('>500', 3.56876348621828)	('>1k', 6.904898576624713)	('>5k', 1.8497827259597235)	('>10k+', 2.0760581087646437)
DRR049638	(1.0, 21.073665455608094)	(2.0, 8.162881207689603)	(3.0, 3.8434917960382515)	(4.0, 2.5198633899617175)	(5.0, 1.8871182766961363)	(6.0, 1.453393582609677)	(7.0, 1.2257595224385203)	(8.0, 1.0257548348097663)	(9.0, 0.9559391077619559)	('>10', 12.988935913682068)	('>50', 5.852176347609007)	('>100', 15.16745217685909)	('>500', 6.471666257907193)	('>1k', 11.518724073140705)	('>5k', 2.656485122640882)	('>10k+', 3.196692934547343)
DRR049639	(1.0, 23.46029536690421)	(2.0, 8.569251970839362)	(3.0, 4.082067532904179)	(4.0, 2.5885575538079704)	(5.0, 1.9767485632267323)	(6.0, 1.5266484077280795)	(7.0, 1.2773889433421008)	(8.0, 1.0975944049081259)	(9.0, 0.9547259399998802)	('>10', 13.778830774197937)	('>50', 6.080860223421476)	('>100', 15.532417579542788)	('>500', 6.168234091032085)	('>1k', 9.597390804758914)	('>5k', 1.6417237387137702)	('>10k+', 1.6672641046723484)
DRR049640	(1.0, 28.177224527236216)	(2.0, 9.799005908786752)	(3.0, 4.3361019200868345)	(4.0, 2.5492037232834197)	(5.0, 1.8975299394877212)	(6.0, 1.4960074112032102)	(7.0, 1.147991509485813)	(8.0, 1.0249691336966418)	(9.0, 0.8872332796404122)	('>10', 12.099864391528616)	('>50', 5.119652598868854)	('>100', 13.34015063597681)	('>500', 5.284838221195783)	('>1k', 8.418025395059352)	('>5k', 2.073076593329265)	('>10k+', 2.349124811134249)
DRR049641	(1.0, 11.594627894895076)	(2.0, 4.25310556033123)	(3.0, 1.915015923929539)	(4.0, 1.1724850116396262)	(5.0, 0.849552325045241)	(6.0, 0.6482244639156656)	(7.0, 0.532638643337738)	(8.0, 0.4620159125654644)	(9.0, 0.4116212459860616)	('>10', 7.494041557418371)	('>50', 4.592748271680401)	('>100', 15.206047439392192)	('>500', 8.477204284533979)	('>1k', 24.855408571452774)	('>5k', 9.430350186195353)	('>10k+', 8.104912707681292)
DRR049642	(1.0, 18.583105273219928)	(2.0, 6.603362608591155)	(3.0, 2.829038690604925)	(4.0, 1.609356158017803)	(5.0, 1.1754522635004356)	(6.0, 0.8965198409728404)	(7.0, 0.7045293464920555)	(8.0, 0.618355310460249)	(9.0, 0.5453344772958968)	('>10', 8.736918024145032)	('>50', 4.769709038941174)	('>100', 14.692922253792112)	('>500', 8.025260663330398)	('>1k', 19.615726668074576)	('>5k', 5.907093636894421)	('>10k+', 4.687315745666873)
DRR049643	(1.0, 25.09966983689781)	(2.0, 8.723301403211597)	(3.0, 3.902615384556052)	(4.0, 2.4248194766281777)	(5.0, 1.7002555501308376)	(6.0, 1.3135470451048161)	(7.0, 1.1215289262906096)	(8.0, 0.894190041260099)	(9.0, 0.7685716554160037)	('>10', 11.704165268205)	('>50', 5.082114570822229)	('>100', 13.133065095899141)	('>500', 5.771786870303401)	('>1k', 11.28827384625762)	('>5k', 3.4060899246289633)	('>10k+', 3.6660051043875015)
DRR049644	(1.0, 14.783380428577257)	(2.0, 5.118801229505659)	(3.0, 2.2685521971987166)	(4.0, 1.338963885061975)	(5.0, 0.9808204215021038)	(6.0, 0.784035693927104)	(7.0, 0.6352116817220721)	(8.0, 0.5590657225174978)	(9.0, 0.4962855549999497)	('>10', 8.26357871248264)	('>50', 4.692222947323542)	('>100', 14.542986925285916)	('>500', 7.815640624680718)	('>1k', 22.061922863244078)	('>5k', 8.74002551142065)	('>10k+', 6.918505600550047)
DRR049645	(1.0, 29.028447108969484)	(2.0, 11.01192673509017)	(3.0, 4.837101577638565)	(4.0, 2.7851275331162073)	(5.0, 1.9351927324941791)	(6.0, 1.4920936093349702)	(7.0, 1.25028486291352)	(8.0, 0.9873635659757753)	(9.0, 0.8442155717567571)	('>10', 11.258552656776192)	('>50', 4.511145385260628)	('>100', 11.920033671510748)	('>500', 5.741641544935096)	('>1k', 9.010168105993214)	('>5k', 1.433566806762638)	('>10k+', 1.9531385314719443)
DRR049646	(1.0, 28.18595985671733)	(2.0, 10.066167530421449)	(3.0, 4.908918806448984)	(4.0, 3.1906119602461986)	(5.0, 2.3344279921494278)	(6.0, 1.8444343162794938)	(7.0, 1.5369959274103597)	(8.0, 1.2966299583377832)	(9.0, 1.1443567444420841)	('>10', 14.671600029098295)	('>50', 5.45572667867901)	('>100', 11.298428935599429)	('>500', 3.7532940470986924)	('>1k', 5.956934192427123)	('>5k', 1.8323882638575526)	('>10k+', 2.523124760786696)
DRR049647	(1.0, 39.90625261391748)	(2.0, 10.747382239486104)	(3.0, 4.901981736952137)	(4.0, 2.9192809944004843)	(5.0, 2.049815210975509)	(6.0, 1.6159045644587398)	(7.0, 1.288577654751155)	(8.0, 1.0535507637407782)	(9.0, 0.8936227324751717)	('>10', 11.264415911259293)	('>50', 4.164527781678026)	('>100', 8.702687636316188)	('>500', 3.084372477368408)	('>1k', 4.854981757683582)	('>5k', 0.8244872102811591)	('>10k+', 1.7281587142558446)
DRR049648	(1.0, 14.436956737340944)	(2.0, 5.509785029801561)	(3.0, 2.472782108864371)	(4.0, 1.5509337487220693)	(5.0, 1.1050548930717397)	(6.0, 0.8833394614320398)	(7.0, 0.6942849442681909)	(8.0, 0.6305806845812992)	(9.0, 0.5642599473331505)	('>10', 9.04159857277631)	('>50', 4.920873820939529)	('>100', 14.958341430396297)	('>500', 7.6628452525405315)	('>1k', 21.21851739232768)	('>5k', 8.022164884227976)	('>10k+', 6.327681091376275)
DRR049649	(1.0, 13.099415328628169)	(2.0, 5.263104349087711)	(3.0, 2.3853807265617406)	(4.0, 1.4485283143696495)	(5.0, 1.0459153074481717)	(6.0, 0.8091382111607527)	(7.0, 0.6369052410995412)	(8.0, 0.5366760793522922)	(9.0, 0.5070887843007781)	('>10', 8.149324037976747)	('>50', 4.77673584875999)	('>100', 15.259621086708485)	('>500', 8.250530264424754)	('>1k', 22.118378123216896)	('>5k', 8.029541725873994)	('>10k+', 7.683716571030345)
DRR049650	(1.0, 15.412624926578305)	(2.0, 5.874686552814286)	(3.0, 2.5365079244165334)	(4.0, 1.4948903410042056)	(5.0, 1.0600109450900412)	(6.0, 0.8148191402929448)	(7.0, 0.70883183329789)	(8.0, 0.5614677084060359)	(9.0, 0.5009042644440812)	('>10', 8.234919777338146)	('>50', 4.663691642604297)	('>100', 14.87373065297135)	('>500', 8.04311294305071)	('>1k', 21.001915427859608)	('>5k', 7.479762648043112)	('>10k+', 6.738123271788478)
DRR049651	(1.0, 14.375227823613473)	(2.0, 5.227036888209711)	(3.0, 2.443906834406534)	(4.0, 1.4286846369097073)	(5.0, 1.1005215146080987)	(6.0, 0.8153162725534402)	(7.0, 0.6486130613444346)	(8.0, 0.5572395788379724)	(9.0, 0.4835692003445934)	('>10', 7.832136596719789)	('>50', 4.365978285424413)	('>100', 14.680140339422909)	('>500', 7.894810026694235)	('>1k', 22.42153321883727)	('>5k', 8.867554895399133)	('>10k+', 6.857730826674298)
DRR049652	(1.0, 14.347460513178037)	(2.0, 5.517894907041927)	(3.0, 2.5001232571351006)	(4.0, 1.5215339915074904)	(5.0, 1.1123561653665988)	(6.0, 0.8804914811393773)	(7.0, 0.6582959593506257)	(8.0, 0.6070447086550094)	(9.0, 0.5186452290113913)	('>10', 8.088954631632577)	('>50', 4.5193433023065355)	('>100', 15.138403007213292)	('>500', 8.192157366843567)	('>1k', 21.191117966721983)	('>5k', 8.242346842618826)	('>10k+', 6.963830670277566)
DRR049653	(1.0, 27.58391360303318)	(2.0, 10.994769250223639)	(3.0, 5.276595373660035)	(4.0, 3.3759915918503207)	(5.0, 2.4062589644127184)	(6.0, 1.8597645636044557)	(7.0, 1.463423967438256)	(8.0, 1.279474080162367)	(9.0, 1.0794736293499108)	('>10', 14.23107686743281)	('>50', 5.27630359374958)	('>100', 11.91299523444792)	('>500', 4.295799109858111)	('>1k', 5.873608911146671)	('>5k', 1.1761229680190892)	('>10k+', 1.914428291610983)
DRR049654	(1.0, 16.983174569581067)	(2.0, 6.128538505846991)	(3.0, 2.6837584373115035)	(4.0, 1.597809503781765)	(5.0, 1.1689068678667793)	(6.0, 0.8614604499188787)	(7.0, 0.7268144857191581)	(8.0, 0.6497229075493203)	(9.0, 0.5334568162218897)	('>10', 8.91244171846327)	('>50', 5.051912953598373)	('>100', 15.108036340029122)	('>500', 8.062888929955655)	('>1k', 19.995350631760722)	('>5k', 6.954399774102166)	('>10k+', 4.581327108293313)
DRR049655	(1.0, 15.272476577624392)	(2.0, 5.769272796927439)	(3.0, 2.5631249912531526)	(4.0, 1.59910935682477)	(5.0, 1.1193962514667608)	(6.0, 0.8836515729069568)	(7.0, 0.784046751740814)	(8.0, 0.6247060171892898)	(9.0, 0.5775724097552665)	('>10', 8.88049076959713)	('>50', 4.879655286097619)	('>100', 15.337112480733136)	('>500', 8.534402948311419)	('>1k', 22.119326157076248)	('>5k', 6.551952916034128)	('>10k+', 4.503702716461355)
DRR049656	(1.0, 23.031696482455704)	(2.0, 9.643898958125854)	(3.0, 4.486894947552892)	(4.0, 2.7714944793951632)	(5.0, 1.8997269422768672)	(6.0, 1.476572471079978)	(7.0, 1.1066561746738082)	(8.0, 0.924049723108754)	(9.0, 0.8096213638369691)	('>10', 9.960312040243288)	('>50', 3.8658211661192454)	('>100', 9.734605028299384)	('>500', 4.674460517818421)	('>1k', 11.430731180653162)	('>5k', 5.43851759911707)	('>10k+', 8.744940925243466)
DRR049657	(1.0, 32.01221823818673)	(2.0, 12.802868927270941)	(3.0, 6.442266646945735)	(4.0, 4.046947609576688)	(5.0, 2.9509553690094124)	(6.0, 2.20016759844393)	(7.0, 1.777164196892484)	(8.0, 1.5589647680579184)	(9.0, 1.2179321985648548)	('>10', 14.004944110692765)	('>50', 4.291032099546245)	('>100', 7.23626161785851)	('>500', 2.5415095854977676)	('>1k', 4.224665105372232)	('>5k', 1.2605792349352063)	('>10k+', 1.4315226931484608)
DRR049658	(1.0, 29.392096494015398)	(2.0, 10.795427144078714)	(3.0, 4.9821565274452455)	(4.0, 3.0311821263113097)	(5.0, 2.102022658127724)	(6.0, 1.6581094971789296)	(7.0, 1.3129185120882925)	(8.0, 1.1029575367031177)	(9.0, 0.9625145148432358)	('>10', 11.545712320723153)	('>50', 3.895938296242882)	('>100', 9.604741447008546)	('>500', 4.10540068331643)	('>1k', 9.689241833622894)	('>5k', 2.714528461103574)	('>10k+', 3.1050519471904665)
DRR049659	(1.0, 30.229156423380516)	(2.0, 11.138191221104545)	(3.0, 5.096502463264631)	(4.0, 3.222044527436705)	(5.0, 2.250558584184829)	(6.0, 1.775182164309524)	(7.0, 1.4725420812036614)	(8.0, 1.2382186470893461)	(9.0, 0.991690485450423)	('>10', 12.95560055365411)	('>50', 5.062546572264757)	('>100', 11.542449767428533)	('>500', 4.311926641158758)	('>1k', 5.837219498840715)	('>5k', 1.2334198277487012)	('>10k+', 1.6427505414801746)
DRR049660	(1.0, 28.803060884174442)	(2.0, 10.546418619140765)	(3.0, 4.500690165787029)	(4.0, 2.605570116377814)	(5.0, 1.8802026132504226)	(6.0, 1.4041476213668713)	(7.0, 1.1118314352543728)	(8.0, 0.9871860955725814)	(9.0, 0.7905128954175602)	('>10', 10.310651058158605)	('>50', 3.891972658091509)	('>100', 9.74229185090766)	('>500', 4.576643113821118)	('>1k', 9.450721593846293)	('>5k', 3.2694224594200545)	('>10k+', 6.128676819412939)
DRR049661	(1.0, 23.549164534538736)	(2.0, 9.27669477612206)	(3.0, 4.219631334859781)	(4.0, 2.4631412550822693)	(5.0, 1.7696130010175257)	(6.0, 1.387397816360988)	(7.0, 1.0768993561331404)	(8.0, 0.9104937320459635)	(9.0, 0.8124186262383543)	('>10', 11.630196802834465)	('>50', 5.391904896185231)	('>100', 14.619479840961397)	('>500', 6.725976791640818)	('>1k', 12.056186252338604)	('>5k', 2.4310758150800296)	('>10k+', 1.679725168560597)
DRR049662	(1.0, 13.121052778322738)	(2.0, 5.291980840674865)	(3.0, 2.5842761541686086)	(4.0, 1.687379320471989)	(5.0, 1.279532828407478)	(6.0, 1.0109647948378515)	(7.0, 0.8891693932696401)	(8.0, 0.7737379865956783)	(9.0, 0.6970154989574467)	('>10', 11.372645261205145)	('>50', 5.5218811395347345)	('>100', 15.249143385767757)	('>500', 7.7808534258181306)	('>1k', 18.04053715756167)	('>5k', 6.314764334852095)	('>10k+', 8.385065699554163)
DRR049663	(1.0, 29.056272387754788)	(2.0, 10.788417824823112)	(3.0, 4.820335524958921)	(4.0, 2.8958705661433823)	(5.0, 2.1477345055177426)	(6.0, 1.5903884914740298)	(7.0, 1.3064602402964993)	(8.0, 1.0609184492761337)	(9.0, 0.8702580474854403)	('>10', 10.95689252957364)	('>50', 3.9167266124098536)	('>100', 10.356178334955732)	('>500', 4.762411058273518)	('>1k', 10.36014382632813)	('>5k', 2.5667078712763005)	('>10k+', 2.544283729452843)
DRR049664	(1.0, 16.78178864738136)	(2.0, 6.604283539332374)	(3.0, 3.1002907364067553)	(4.0, 1.872964469127367)	(5.0, 1.3924676056058691)	(6.0, 1.0999415764653475)	(7.0, 0.9217602425653898)	(8.0, 0.7690063900300189)	(9.0, 0.66681232323523)	('>10', 10.072628417398676)	('>50', 4.750398974451634)	('>100', 14.563551226490926)	('>500', 7.170080194656436)	('>1k', 16.29306470324042)	('>5k', 5.496080948115191)	('>10k+', 8.444880005496938)
DRR049665	(1.0, 44.61805180572694)	(2.0, 11.637757185074527)	(3.0, 5.678838653577438)	(4.0, 3.643028415527435)	(5.0, 2.6087630346184487)	(6.0, 2.0450251590832176)	(7.0, 1.6497031415747523)	(8.0, 1.3627719475101794)	(9.0, 1.1712210386850264)	('>10', 12.915554017076882)	('>50', 2.9696612685148915)	('>100', 3.2557142203497915)	('>500', 0.6108783406294696)	('>1k', 0.9278050547195179)	('>5k', 0.8671856251275503)	('>10k+', 4.038041092203925)
DRR049668_1	(1.0, 71.29136623624767)	(2.0, 8.32984183340349)	(3.0, 1.4224046240544619)	(4.0, 0.6314743107635518)	(5.0, 0.4232077776859047)	(6.0, 0.3595216780574256)	(7.0, 0.2895031586274317)	(8.0, 0.24552313018517424)	(9.0, 0.20151626290414393)	('>10', 2.4763340574948836)	('>50', 1.036991273603062)	('>100', 2.6651632799406078)	('>500', 0.313523014221834)	('>1k', 0.4902983357434227)	('>5k', 0.0817128231536316)	('>10k+', 9.741618203913465)
DRR049668_2	(1.0, 72.12304078851197)	(2.0, 7.97923462616711)	(3.0, 1.3541209509534256)	(4.0, 0.6246154407343718)	(5.0, 0.44204553891640597)	(6.0, 0.31880200417911503)	(7.0, 0.24773234996397536)	(8.0, 0.21536749842474118)	(9.0, 0.2127288960267138)	('>10', 2.462051888001814)	('>50', 0.9912947478928047)	('>100', 2.594079731956299)	('>500', 0.30026508914735783)	('>1k', 0.4572004424625911)	('>5k', 0.07088054741440916)	('>10k+', 9.606539459246925)
DRR049669_1	(1.0, 74.81463249995713)	(2.0, 6.486636363634639)	(3.0, 1.2257782797278987)	(4.0, 0.5467977245104091)	(5.0, 0.42140185853108447)	(6.0, 0.3356785585860976)	(7.0, 0.28426177147449244)	(8.0, 0.2155781999090175)	(9.0, 0.19213335888459926)	('>10', 2.442879449019714)	('>50', 1.4192850869142317)	('>100', 1.7788394512346428)	('>500', 0.2788675719866535)	('>1k', 0.27972534861877674)	('>5k', 0.0830108345792569)	('>10k+', 9.19449364243132)
DRR049669_2	(1.0, 75.69560747190629)	(2.0, 6.124424132663006)	(3.0, 1.0928261245474689)	(4.0, 0.5779673729196567)	(5.0, 0.4323543416975202)	(6.0, 0.330112209121309)	(7.0, 0.2740348897699122)	(8.0, 0.20155360099666214)	(9.0, 0.17259563756290894)	('>10', 2.368814243599305)	('>50', 1.6073964678178085)	('>100', 1.476201069330315)	('>500', 0.28832600247032036)	('>1k', 0.2598528291492339)	('>5k', 0.060559603722819)	('>10k+', 9.037374002725553)
DRR076623_1	(1.0, 76.12693128499063)	(2.0, 17.125712092191197)	(3.0, 3.9335225765038637)	(4.0, 0.9949471360237343)	(5.0, 0.3418392809449458)	(6.0, 0.14701726436004875)	(7.0, 0.08505992991527424)	(8.0, 0.0720930888600216)	(9.0, 0.04909216770875055)	('>10', 0.5651519387434245)	('>50', 0.10905193002135158)	('>100', 0.16088246985696836)	('>500', 0.02139896027559672)	('>1k', 0.07721165437898951)	('>5k', 0.06962801675964697)	('>10k+', 0.12046020846543297)
DRR076623_2	(1.0, 78.93319434748729)	(2.0, 15.34319123793618)	(3.0, 3.4262127518311036)	(4.0, 0.8420436190938541)	(5.0, 0.3212006875447273)	(6.0, 0.13416063979615284)	(7.0, 0.06411344851113934)	(8.0, 0.05212202738331746)	(9.0, 0.03710807503282972)	('>10', 0.45158188588427345)	('>50', 0.10290286849991316)	('>100', 0.13245937958485726)	('>500', 0.011069056134917436)	('>1k', 0.054724648942587224)	('>5k', 0.058752173433319836)	('>10k+', 0.03516315290343762)
DRR076624_1	(1.0, 77.24047279332157)	(2.0, 16.091207138577413)	(3.0, 3.8027881581132155)	(4.0, 1.0710044604613218)	(5.0, 0.3702182469925673)	(6.0, 0.14116578457563264)	(7.0, 0.10518500222541274)	(8.0, 0.06715733631484166)	(9.0, 0.05917315962366516)	('>10', 0.5850325332009773)	('>50', 0.13213634994833157)	('>100', 0.16726861619294042)	('>500', 0.009743043374324427)	('>1k', 0.07989107857239786)	('>5k', 0.05866448457913478)	('>10k+', 0.018891813926139676)
DRR076624_2	(1.0, 80.3274077993502)	(2.0, 14.0086545672394)	(3.0, 3.3219651604528098)	(4.0, 0.871224611120767)	(5.0, 0.3002482163303918)	(6.0, 0.14119699309818304)	(7.0, 0.07915539746422391)	(8.0, 0.04912432352408858)	(9.0, 0.0571771325712554)	('>10', 0.4848527921235713)	('>50', 0.10084714735766012)	('>100', 0.1204957681183966)	('>500', 0.0069355661759786715)	('>1k', 0.05346425935480088)	('>5k', 0.013208400232331621)	('>10k+', 0.06404186548598048)
DRR076625_1	(1.0, 75.50600274363707)	(2.0, 16.89072297329379)	(3.0, 4.248173823958983)	(4.0, 1.307988598884496)	(5.0, 0.4159269962098806)	(6.0, 0.2100886010177683)	(7.0, 0.11611826742049373)	(8.0, 0.07512130661182635)	(9.0, 0.05812850096544027)	('>10', 0.6030639681510381)	('>50', 0.13427557497246032)	('>100', 0.17929910049153897)	('>500', 0.01468870670491824)	('>1k', 0.08677112424806671)	('>5k', 0.06634798826608256)	('>10k+', 0.08728172516617858)
DRR076625_2	(1.0, 79.16442826787599)	(2.0, 14.519251538656523)	(3.0, 3.5647032397989595)	(4.0, 1.079928024356753)	(5.0, 0.3691884944744451)	(6.0, 0.15817198560024726)	(7.0, 0.0791316479580807)	(8.0, 0.07416609783379903)	(9.0, 0.04612985445178654)	('>10', 0.5213023737314928)	('>50', 0.10181393908301371)	('>100', 0.15177246712852394)	('>500', 0.0059570174950239465)	('>1k', 0.057551387221975114)	('>5k', 0.044596067511882415)	('>10k+', 0.061907596821368316)
DRR076626_1	(1.0, 82.11394639464928)	(2.0, 13.248154066020449)	(3.0, 2.269314231852029)	(4.0, 0.4966806549625434)	(5.0, 0.17898160232924357)	(6.0, 0.11605071275602255)	(7.0, 0.09409186923578261)	(8.0, 0.07811837902470074)	(9.0, 0.06713790083792803)	('>10', 0.7728450730359204)	('>50', 0.14201359331012936)	('>100', 0.2007302157764016)	('>500', 0.012746583305931264)	('>1k', 0.06343029887616926)	('>5k', 0.05624888264817138)	('>10k+', 0.08950954137937084)
DRR076626_2	(1.0, 84.50234001545212)	(2.0, 11.673006228803578)	(3.0, 1.8580760345140401)	(4.0, 0.44501449177125374)	(5.0, 0.16109053695190229)	(6.0, 0.11612670723662362)	(7.0, 0.07612330643700786)	(8.0, 0.06614208409878553)	(9.0, 0.05414489887714971)	('>10', 0.6430164695210793)	('>50', 0.12537131018190717)	('>100', 0.12874729811764263)	('>500', 0.012840979959904353)	('>1k', 0.03702960833268431)	('>5k', 0.029538071131579167)	('>10k+', 0.07139195861276956)
DRR076627_1	(1.0, 81.07726409974525)	(2.0, 13.944665135551503)	(3.0, 2.4859513575992453)	(4.0, 0.5553989243441584)	(5.0, 0.18889869906813014)	(6.0, 0.11300105111204657)	(7.0, 0.0830460472045357)	(8.0, 0.07408143458746717)	(9.0, 0.0560921954478468)	('>10', 0.759676518162577)	('>50', 0.163658478715366)	('>100', 0.21283339239716606)	('>500', 0.028537062119144547)	('>1k', 0.08288197154568577)	('>5k', 0.11279431302538688)	('>10k+', 0.06121931937451329)
DRR076627_2	(1.0, 83.59808968966938)	(2.0, 12.199509948127773)	(3.0, 2.1184436898389456)	(4.0, 0.4789042432603776)	(5.0, 0.17705920285529128)	(6.0, 0.11610081081230102)	(7.0, 0.08111371008899236)	(8.0, 0.06913377637271224)	(9.0, 0.06315585809288271)	('>10', 0.6157741977071733)	('>50', 0.1379111150613889)	('>100', 0.1709194000916675)	('>500', 0.010915292258947669)	('>1k', 0.0462865102230193)	('>5k', 0.06931828191073701)	('>10k+', 0.04736427362835984)
DRR076628_1	(1.0, 82.21408824946373)	(2.0, 13.250105786807095)	(3.0, 2.1649333763727223)	(4.0, 0.4615942051063019)	(5.0, 0.19393365163697232)	(6.0, 0.13502626181243596)	(7.0, 0.09907239449350524)	(8.0, 0.08010145398562038)	(9.0, 0.061110122314977866)	('>10', 0.7242231288873926)	('>50', 0.15849081310773735)	('>100', 0.19484510133420738)	('>500', 0.021830496061416203)	('>1k', 0.08178084010044107)	('>5k', 0.07025761544897188)	('>10k+', 0.08860650306653285)
DRR076628_2	(1.0, 84.7098906432262)	(2.0, 11.528409135654398)	(3.0, 1.8214437854659264)	(4.0, 0.4310951958775622)	(5.0, 0.16912627773276778)	(6.0, 0.1251592154258527)	(7.0, 0.08314943533786362)	(8.0, 0.07417222112967986)	(9.0, 0.0571626998767509)	('>10', 0.5826394639330361)	('>50', 0.12119745028783306)	('>100', 0.17520978945608648)	('>500', 0.0068346487813964775)	('>1k', 0.04317758796103059)	('>5k', 0.01339414676490315)	('>10k+', 0.05793830308867319)
DRR076629_1	(1.0, 83.36320392914378)	(2.0, 12.50319992794763)	(3.0, 1.8503443073380765)	(4.0, 0.40285242065022836)	(5.0, 0.18803041548889793)	(6.0, 0.125086244576299)	(7.0, 0.09010964829853439)	(8.0, 0.0751310143475428)	(9.0, 0.05512515729733669)	('>10', 0.7601168764269978)	('>50', 0.16450140711362157)	('>100', 0.22469186088762785)	('>500', 0.013814680794874714)	('>1k', 0.09560221265504368)	('>5k', 0.07692037380619485)	('>10k+', 0.011269523227259748)
DRR076629_2	(1.0, 85.63931629372686)	(2.0, 10.979873086947382)	(3.0, 1.5415190224090778)	(4.0, 0.3550734470934574)	(5.0, 0.14910815668799954)	(6.0, 0.09712077021358019)	(7.0, 0.09015879627297045)	(8.0, 0.05312104837827135)	(9.0, 0.04913737834241628)	('>10', 0.6220273164880519)	('>50', 0.12219495898566596)	('>100', 0.17394847027071533)	('>500', 0.009980766033744745)	('>1k', 0.051665530977366945)	('>5k', 0.04670947278460487)	('>10k+', 0.01904548438790068)
DRR076630_1	(1.0, 81.61261703594963)	(2.0, 13.662741064172804)	(3.0, 2.194595454604971)	(4.0, 0.4733904456041882)	(5.0, 0.2018851347354537)	(6.0, 0.14202116409184953)	(7.0, 0.0850737008406625)	(8.0, 0.06610463887749765)	(9.0, 0.06915898630667669)	('>10', 0.8037155967763092)	('>50', 0.16847026107442806)	('>100', 0.18275642317540522)	('>500', 0.009394608252788208)	('>1k', 0.11370556670334757)	('>5k', 0.106584401246788)	('>10k+', 0.10778551758701253)
DRR076630_2	(1.0, 84.58234279988035)	(2.0, 11.76267661247327)	(3.0, 1.777932777737324)	(4.0, 0.38303889189236107)	(5.0, 0.16313094095849162)	(6.0, 0.10515806909551884)	(7.0, 0.0982163691991083)	(8.0, 0.05114844089708644)	(9.0, 0.059213207740746336)	('>10', 0.5292799099193032)	('>50', 0.13600939428063097)	('>100', 0.16834053997365211)	('>500', 0.008159764687131685)	('>1k', 0.06835981188874295)	('>5k', 0.037466272493968576)	('>10k+', 0.06952619688226543)
DRR076631_1	(1.0, 80.45141880563664)	(2.0, 14.447477922927185)	(3.0, 2.545319898291244)	(4.0, 0.5662704552512333)	(5.0, 0.20584801006715758)	(6.0, 0.11697791572336666)	(7.0, 0.0800288405660138)	(8.0, 0.08407643744023453)	(9.0, 0.0741080128306232)	('>10', 0.7414629211841958)	('>50', 0.1606498031456796)	('>100', 0.22478692650100934)	('>500', 0.025426356667534317)	('>1k', 0.07580238891012933)	('>5k', 0.05561250749413971)	('>10k+', 0.14473279736355427)
DRR076631_2	(1.0, 83.07222530298291)	(2.0, 12.679545138444754)	(3.0, 2.1986369456314914)	(4.0, 0.46774894430927005)	(5.0, 0.16300015199057946)	(6.0, 0.10305546561475332)	(7.0, 0.07508071966367251)	(8.0, 0.0691113808811206)	(9.0, 0.05311407516295398)	('>10', 0.6215856005859698)	('>50', 0.1191008164342652)	('>100', 0.16545722511018243)	('>500', 0.012551724262267912)	('>1k', 0.042356931981345464)	('>5k', 0.061721750982636686)	('>10k+', 0.09570782596174086)
DRR076632_1	(1.0, 82.28738327368691)	(2.0, 13.06574513077009)	(3.0, 2.2901520192401037)	(4.0, 0.47466407918533143)	(5.0, 0.20096539180676884)	(6.0, 0.12104392691465665)	(7.0, 0.08807906232703182)	(8.0, 0.07210325012259758)	(9.0, 0.07314379643613021)	('>10', 0.7314532021111518)	('>50', 0.1397870050897314)	('>100', 0.21941127709575728)	('>500', 0.017560339068361033)	('>1k', 0.06675546519370132)	('>5k', 0.07385830476259825)	('>10k+', 0.07789447618900343)
DRR076632_2	(1.0, 84.85047576321357)	(2.0, 11.307416165484826)	(3.0, 1.9806607623852495)	(4.0, 0.4139373462520943)	(5.0, 0.1520567276560578)	(6.0, 0.09008081436205222)	(7.0, 0.06709533093105818)	(8.0, 0.05610908493943658)	(9.0, 0.054133554109427724)	('>10', 0.5743631901178893)	('>50', 0.13565917978706216)	('>100', 0.14914903779305835)	('>500', 0.008425009355538172)	('>1k', 0.05259873481421707)	('>5k', 0.044777494651350724)	('>10k+', 0.06306180414710451)
DRR076633_1	(1.0, 73.03811548615155)	(2.0, 18.432703030213023)	(3.0, 4.9149636504416705)	(4.0, 1.3905674023686383)	(5.0, 0.4178220665270906)	(6.0, 0.1790318711994082)	(7.0, 0.10107898439449714)	(8.0, 0.07910951286365954)	(9.0, 0.06112143249304841)	('>10', 0.7454092530480412)	('>50', 0.14455934919878924)	('>100', 0.21244461424460895)	('>500', 0.02899487900459233)	('>1k', 0.07939964561136012)	('>5k', 0.07524805981706364)	('>10k+', 0.09943076242282603)
DRR076633_2	(1.0, 76.14682983284979)	(2.0, 16.437746664408866)	(3.0, 4.226249828722931)	(4.0, 1.2496254890000176)	(5.0, 0.39411330548453866)	(6.0, 0.16814699885835568)	(7.0, 0.09413748803751597)	(8.0, 0.0811660916218865)	(9.0, 0.05514512402638136)	('>10', 0.6344999354379715)	('>50', 0.13309079271185345)	('>100', 0.1847595046942717)	('>500', 0.014065196063098624)	('>1k', 0.0822893028863909)	('>5k', 0.023320851968550733)	('>10k+', 0.07481359322761785)
DRR076634_1	(1.0, 73.35744376043348)	(2.0, 18.437383237374746)	(3.0, 4.727011000094379)	(4.0, 1.3171347572081413)	(5.0, 0.46297807914683936)	(6.0, 0.17009554651964678)	(7.0, 0.10712536860266861)	(8.0, 0.10017815472465465)	(9.0, 0.06615785038752418)	('>10', 0.6939766212490189)	('>50', 0.1290861537921608)	('>100', 0.19847873535289887)	('>500', 0.013647941893807379)	('>1k', 0.07667756059781788)	('>5k', 0.08096993212185295)	('>10k+', 0.061655300500271334)
DRR076634_2	(1.0, 76.46568117886426)	(2.0, 16.547277495124042)	(3.0, 4.133026606990898)	(4.0, 1.1251300815425067)	(5.0, 0.3582537259288485)	(6.0, 0.15720442490591496)	(7.0, 0.10519904235693783)	(8.0, 0.06816928244622543)	(9.0, 0.05216034138619807)	('>10', 0.5545906112672327)	('>50', 0.11761138518643066)	('>100', 0.1629744788204543)	('>500', 0.014013533275355358)	('>1k', 0.061437627253149794)	('>5k', 0.02613682704752726)	('>10k+', 0.05113335760401257)
DRR076635_1	(1.0, 72.89438692549429)	(2.0, 18.568218017204472)	(3.0, 4.900227351647254)	(4.0, 1.3666654169615258)	(5.0, 0.4348402554081586)	(6.0, 0.18004344501050745)	(7.0, 0.10108586999267674)	(8.0, 0.08912987604420687)	(9.0, 0.06713859697058192)	('>10', 0.7401200100734742)	('>50', 0.1642179465506937)	('>100', 0.23317380278500976)	('>500', 0.018754295703781437)	('>1k', 0.0528690489775397)	('>5k', 0.09065699388905857)	('>10k+', 0.0984721472867315)
DRR076635_2	(1.0, 76.15542123483293)	(2.0, 16.59493489774355)	(3.0, 4.2803281155451876)	(4.0, 1.1756872413116777)	(5.0, 0.3641184624566969)	(6.0, 0.14413205906542284)	(7.0, 0.1041569297943758)	(8.0, 0.06513656739075965)	(9.0, 0.05113736167519772)	('>10', 0.6053156880270186)	('>50', 0.12174837382360154)	('>100', 0.14648128183901724)	('>500', 0.009869428198748628)	('>1k', 0.04944304778573208)	('>5k', 0.05644845356948412)	('>10k+', 0.07564085694064782)
DRR076636_1	(1.0, 75.82575428221728)	(2.0, 16.879422346801448)	(3.0, 4.0651170154464715)	(4.0, 1.0658261552246366)	(5.0, 0.3768078360809459)	(6.0, 0.1600129489323374)	(7.0, 0.10306919670322755)	(8.0, 0.10012629268536181)	(9.0, 0.0571056935858962)	('>10', 0.6802972923063583)	('>50', 0.17879798306835423)	('>100', 0.23035648983120807)	('>500', 0.019366961753409583)	('>1k', 0.07763879045201538)	('>5k', 0.07349164594799029)	('>10k+', 0.10680906896305027)
DRR076636_2	(1.0, 79.06049931578266)	(2.0, 14.819869580633762)	(3.0, 3.5246156693808954)	(4.0, 0.9034201323917934)	(5.0, 0.3143264894877339)	(6.0, 0.13521795853630245)	(7.0, 0.09019705136460392)	(8.0, 0.07420458271063828)	(9.0, 0.06220708139733735)	('>10', 0.5953065233106044)	('>50', 0.15275101165998797)	('>100', 0.15349174307958158)	('>500', 0.01841760088052119)	('>1k', 0.05207864869680766)	('>5k', 0.029627337441540096)	('>10k+', 0.01376927324512166)
DRR076637_1	(1.0, 75.9846442786558)	(2.0, 16.793386619353917)	(3.0, 3.9488200733185645)	(4.0, 1.02747232972948)	(5.0, 0.336696092673104)	(6.0, 0.16394772313223843)	(7.0, 0.10402750861320281)	(8.0, 0.08407123197562269)	(9.0, 0.06509306180271222)	('>10', 0.7737477435727409)	('>50', 0.17238866139903777)	('>100', 0.2227930967445474)	('>500', 0.01982332662091409)	('>1k', 0.08637377655217345)	('>5k', 0.08711050393837072)	('>10k+', 0.12960397191755083)
DRR076637_2	(1.0, 79.62394970903098)	(2.0, 14.446585538846463)	(3.0, 3.3253336274504552)	(4.0, 0.8750563024431276)	(5.0, 0.27417255631752596)	(6.0, 0.1431709425438418)	(7.0, 0.09817260251013984)	(8.0, 0.06916058443765462)	(9.0, 0.07521701881169815)	('>10', 0.606032317072568)	('>50', 0.12886286415685652)	('>100', 0.18351365249830037)	('>500', 0.01418942608175621)	('>1k', 0.05145874551979432)	('>5k', 0.04954227398797961)	('>10k+', 0.035581838290792575)
DRR076638_1	(1.0, 74.63197139345947)	(2.0, 17.484239838651487)	(3.0, 4.306306599416657)	(4.0, 1.2342464154509953)	(5.0, 0.3836841272099137)	(6.0, 0.19395612185093905)	(7.0, 0.1250463087912623)	(8.0, 0.09909576801504993)	(9.0, 0.059092303968944944)	('>10', 0.7742661877988384)	('>50', 0.15671626537596042)	('>100', 0.22441175296653332)	('>500', 0.027920672439888244)	('>1k', 0.09812745016694471)	('>5k', 0.12819868340845708)	('>10k+', 0.07272011102859448)
DRR076638_2	(1.0, 77.98129969120141)	(2.0, 15.424169983459182)	(3.0, 3.764611904938415)	(4.0, 1.0116759874496113)	(5.0, 0.3390878208107487)	(6.0, 0.1291081679054248)	(7.0, 0.10014181868237437)	(8.0, 0.07514985646769826)	(9.0, 0.06215984896644064)	('>10', 0.640508381311344)	('>50', 0.11747781927090502)	('>100', 0.150963959496769)	('>500', 0.015932534865413288)	('>1k', 0.08132408313747148)	('>5k', 0.05403539253950203)	('>10k+', 0.052352749497340964)
DRR076639_1	(1.0, 76.63975464370549)	(2.0, 16.294891013904852)	(3.0, 4.0631059184095015)	(4.0, 1.1771379302869287)	(5.0, 0.3642550006866588)	(6.0, 0.17422344057760808)	(7.0, 0.10118866373268899)	(8.0, 0.0811986120680551)	(9.0, 0.06720343012443081)	('>10', 0.5768549955048066)	('>50', 0.1247006523076899)	('>100', 0.17986313918560742)	('>500', 0.012857392919886515)	('>1k', 0.0688581881908555)	('>5k', 0.0739069783948946)	('>10k+', 0.0)
DRR076639_2	(1.0, 80.06336148319137)	(2.0, 13.994524468179106)	(3.0, 3.4018892352221997)	(4.0, 0.9622290150102856)	(5.0, 0.31325125839880397)	(6.0, 0.1622215570195813)	(7.0, 0.08215848481492279)	(8.0, 0.058144887460373655)	(9.0, 0.05215930667806471)	('>10', 0.5412270075410188)	('>50', 0.09758184002308344)	('>100', 0.12350355819241787)	('>500', 0.008194310418802937)	('>1k', 0.08850554607458616)	('>5k', 0.03395686379823428)	('>10k+', 0.017091177977204112)
DRR076640_1	(1.0, 76.31424587877397)	(2.0, 16.523846611008015)	(3.0, 4.146623248330019)	(4.0, 1.1297425051892198)	(5.0, 0.40714577143297426)	(6.0, 0.18617566245725137)	(7.0, 0.09314237477966425)	(8.0, 0.09119270434364402)	(9.0, 0.04712711513849824)	('>10', 0.5978344932054634)	('>50', 0.11861134112823637)	('>100', 0.1535582348153461)	('>500', 0.015693334038554083)	('>1k', 0.06998050607761808)	('>5k', 0.03194843023351008)	('>10k+', 0.07313178904803148)
DRR076640_2	(1.0, 79.67501494323562)	(2.0, 14.328007914481896)	(3.0, 3.505057687366252)	(4.0, 0.965288477118829)	(5.0, 0.3382930007556496)	(6.0, 0.15422099107852966)	(7.0, 0.08316627909553453)	(8.0, 0.05814917210898527)	(9.0, 0.058182161640096354)	('>10', 0.4871689881387987)	('>50', 0.09560863872585958)	('>100', 0.12340799282778048)	('>500', 0.010064241556500458)	('>1k', 0.03449505895388753)	('>5k', 0.019763246807667736)	('>10k+', 0.06411120610813736)
DRR076641_1	(1.0, 77.6051587032216)	(2.0, 15.62323033203444)	(3.0, 3.8361067511714566)	(4.0, 1.0628092671389688)	(5.0, 0.3931552383659717)	(6.0, 0.14313866220172672)	(7.0, 0.0821266525019862)	(8.0, 0.06313353728466291)	(9.0, 0.05314283266523464)	('>10', 0.6241852829766554)	('>50', 0.13940846350211344)	('>100', 0.18952166011527613)	('>500', 0.008485009507200127)	('>1k', 0.09042209964123686)	('>5k', 0.08597550767138183)	('>10k+', 0.0)
DRR076641_2	(1.0, 80.81360580103375)	(2.0, 13.625694734035218)	(3.0, 3.2438331809120062)	(4.0, 0.8664386445941)	(5.0, 0.28330130083274)	(6.0, 0.1292093700766979)	(7.0, 0.09620943242922071)	(8.0, 0.044120575800780326)	(9.0, 0.05317486490166129)	('>10', 0.4838958464376728)	('>50', 0.11104439321485289)	('>100', 0.14383370346452046)	('>500', 0.010369959466485073)	('>1k', 0.05552609841609539)	('>5k', 0.021577814179829128)	('>10k+', 0.018164280204371188)
DRR076642_1	(1.0, 79.0366338426874)	(2.0, 15.004739082083873)	(3.0, 3.3242766157207884)	(4.0, 0.8540396662022359)	(5.0, 0.3091888801710036)	(6.0, 0.15918703015537106)	(7.0, 0.09716892844119206)	(8.0, 0.09822608431358643)	(9.0, 0.06618959474645085)	('>10', 0.6092620427243695)	('>50', 0.12033026513119954)	('>100', 0.1575389346293721)	('>500', 0.014896509478137738)	('>1k', 0.06731897995101206)	('>5k', 0.0810035435641588)	('>10k+', 0.0)
DRR076642_2	(1.0, 81.87712717904581)	(2.0, 13.152173079303124)	(3.0, 2.8618737747213583)	(4.0, 0.7193643497408692)	(5.0, 0.2452591600616293)	(6.0, 0.10717216828120678)	(7.0, 0.05912746977552602)	(8.0, 0.06517629053665029)	(9.0, 0.04414361695178162)	('>10', 0.5344391522411938)	('>50', 0.09964896853482509)	('>100', 0.1289606869139105)	('>500', 0.008408755116955335)	('>1k', 0.03958996843272638)	('>5k', 0.040363119704733885)	('>10k+', 0.01717226063765625)
DRR076643_1	(1.0, 78.4046854630579)	(2.0, 15.281426968430242)	(3.0, 3.4799433909144417)	(4.0, 0.9014654765376181)	(5.0, 0.34099296713472516)	(6.0, 0.15408494140871845)	(7.0, 0.08809891001095957)	(8.0, 0.07312385217903869)	(9.0, 0.06214070596009799)	('>10', 0.6522917174780661)	('>50', 0.14440294522531605)	('>100', 0.18686398037407873)	('>500', 0.017054704104100493)	('>1k', 0.07398525035709244)	('>5k', 0.05881845050619567)	('>10k+', 0.08062027632143268)
DRR076643_2	(1.0, 81.40015580486451)	(2.0, 13.427246910950114)	(3.0, 2.953623315162572)	(4.0, 0.7610697532174076)	(5.0, 0.26917469134912686)	(6.0, 0.12615212832332937)	(7.0, 0.07312888385129168)	(8.0, 0.060139434235089786)	(9.0, 0.041118181793423594)	('>10', 0.5039685206799351)	('>50', 0.10590649135148729)	('>100', 0.12185776241027563)	('>500', 0.008909933462646654)	('>1k', 0.04895827195401325)	('>5k', 0.05072320846318415)	('>10k+', 0.047866707931687735)
