Sample	0	1	2	3	4	5	6	7	8	9	10	11	12	13	14	15	16	17	18	19	20	21	22	23	24	25	26	27	28	29	30	31	32	33	34	35	36	37
DRR049635	(2.0, 10.0)	(3.0, 1.0)	(4.0, 11.0)	(5.0, 19.0)	(6.0, 36.0)	(7.0, 19.0)	(8.0, 47.0)	(9.0, 63.0)	(10.0, 87.0)	(11.0, 127.0)	(12.0, 143.0)	(13.0, 194.0)	(14.0, 248.0)	(15.0, 335.0)	(16.0, 502.0)	(17.0, 732.0)	(18.0, 1088.0)	(19.0, 1607.0)	(20.0, 2194.0)	(21.0, 2908.0)	(22.0, 3986.0)	(23.0, 5564.0)	(24.0, 8579.0)	(25.0, 13455.0)	(26.0, 21813.0)	(27.0, 34984.0)	(28.0, 55417.0)	(29.0, 84967.0)	(30.0, 127499.0)	(31.0, 180337.0)	(32.0, 246675.0)	(33.0, 336349.0)	(34.0, 473954.0)	(35.0, 693422.0)	(36.0, 1015194.0)	(37.0, 1821771.0)	(38.0, 5600505.0)	(39.0, 12530736.0)
DRR049636	(2.0, 66.0)	(3.0, 3.0)	(4.0, 7.0)	(5.0, 19.0)	(6.0, 51.0)	(7.0, 38.0)	(8.0, 59.0)	(9.0, 79.0)	(10.0, 111.0)	(11.0, 143.0)	(12.0, 168.0)	(13.0, 221.0)	(14.0, 258.0)	(15.0, 385.0)	(16.0, 514.0)	(17.0, 767.0)	(18.0, 1166.0)	(19.0, 1706.0)	(20.0, 2346.0)	(21.0, 3164.0)	(22.0, 4233.0)	(23.0, 5752.0)	(24.0, 8838.0)	(25.0, 13498.0)	(26.0, 21291.0)	(27.0, 34062.0)	(28.0, 53853.0)	(29.0, 82051.0)	(30.0, 120983.0)	(31.0, 173025.0)	(32.0, 237695.0)	(33.0, 323091.0)	(34.0, 458428.0)	(35.0, 672231.0)	(36.0, 978343.0)	(37.0, 1760888.0)	(38.0, 5313888.0)	(39.0, 11829552.0)
DRR049637	(2.0, 82.0)	(3.0, 4.0)	(4.0, 9.0)	(5.0, 23.0)	(6.0, 45.0)	(7.0, 37.0)	(8.0, 66.0)	(9.0, 72.0)	(10.0, 94.0)	(11.0, 145.0)	(12.0, 163.0)	(13.0, 204.0)	(14.0, 274.0)	(15.0, 388.0)	(16.0, 548.0)	(17.0, 843.0)	(18.0, 1292.0)	(19.0, 1737.0)	(20.0, 2282.0)	(21.0, 3243.0)	(22.0, 4322.0)	(23.0, 5815.0)	(24.0, 8976.0)	(25.0, 13706.0)	(26.0, 21542.0)	(27.0, 34206.0)	(28.0, 52964.0)	(29.0, 79996.0)	(30.0, 117793.0)	(31.0, 166086.0)	(32.0, 227066.0)	(33.0, 310451.0)	(34.0, 434533.0)	(35.0, 638166.0)	(36.0, 934415.0)	(37.0, 1685867.0)	(38.0, 5061954.0)	(39.0, 11254535.0)
DRR049638	(2.0, 49.0)	(3.0, 2.0)	(4.0, 9.0)	(5.0, 11.0)	(6.0, 25.0)	(7.0, 27.0)	(8.0, 41.0)	(9.0, 66.0)	(10.0, 101.0)	(11.0, 108.0)	(12.0, 113.0)	(13.0, 168.0)	(14.0, 204.0)	(15.0, 261.0)	(16.0, 454.0)	(17.0, 694.0)	(18.0, 983.0)	(19.0, 1416.0)	(20.0, 2007.0)	(21.0, 2654.0)	(22.0, 3563.0)	(23.0, 4975.0)	(24.0, 7513.0)	(25.0, 11836.0)	(26.0, 18661.0)	(27.0, 30353.0)	(28.0, 47897.0)	(29.0, 73400.0)	(30.0, 110046.0)	(31.0, 157190.0)	(32.0, 215924.0)	(33.0, 295827.0)	(34.0, 420203.0)	(35.0, 624032.0)	(36.0, 918513.0)	(37.0, 1685552.0)	(38.0, 5222508.0)	(39.0, 10325843.0)
DRR049639	(2.0, 34.0)	(3.0, 3.0)	(4.0, 6.0)	(5.0, 8.0)	(6.0, 33.0)	(7.0, 16.0)	(8.0, 34.0)	(9.0, 41.0)	(10.0, 66.0)	(11.0, 100.0)	(12.0, 104.0)	(13.0, 139.0)	(14.0, 158.0)	(15.0, 225.0)	(16.0, 360.0)	(17.0, 487.0)	(18.0, 836.0)	(19.0, 1136.0)	(20.0, 1564.0)	(21.0, 1991.0)	(22.0, 2948.0)	(23.0, 3932.0)	(24.0, 6191.0)	(25.0, 9629.0)	(26.0, 15331.0)	(27.0, 24698.0)	(28.0, 38741.0)	(29.0, 59285.0)	(30.0, 88202.0)	(31.0, 125518.0)	(32.0, 170951.0)	(33.0, 231343.0)	(34.0, 325794.0)	(35.0, 475655.0)	(36.0, 694963.0)	(37.0, 1248629.0)	(38.0, 3810292.0)	(39.0, 7973831.0)
DRR049640	(2.0, 21.0)	(3.0, 2.0)	(4.0, 6.0)	(5.0, 12.0)	(6.0, 33.0)	(7.0, 25.0)	(8.0, 41.0)	(9.0, 62.0)	(10.0, 79.0)	(11.0, 105.0)	(12.0, 114.0)	(13.0, 162.0)	(14.0, 181.0)	(15.0, 283.0)	(16.0, 379.0)	(17.0, 632.0)	(18.0, 918.0)	(19.0, 1231.0)	(20.0, 1746.0)	(21.0, 2358.0)	(22.0, 3190.0)	(23.0, 4354.0)	(24.0, 6716.0)	(25.0, 10424.0)	(26.0, 16596.0)	(27.0, 26219.0)	(28.0, 41688.0)	(29.0, 64049.0)	(30.0, 94665.0)	(31.0, 133895.0)	(32.0, 184086.0)	(33.0, 251602.0)	(34.0, 358466.0)	(35.0, 529777.0)	(36.0, 766871.0)	(37.0, 1377704.0)	(38.0, 4155626.0)	(39.0, 9042009.0)
DRR049641	(2.0, 12.0)	(3.0, 2.0)	(4.0, 8.0)	(5.0, 14.0)	(6.0, 12.0)	(7.0, 21.0)	(8.0, 23.0)	(9.0, 44.0)	(10.0, 58.0)	(11.0, 83.0)	(12.0, 92.0)	(13.0, 124.0)	(14.0, 161.0)	(15.0, 238.0)	(16.0, 378.0)	(17.0, 585.0)	(18.0, 831.0)	(19.0, 1234.0)	(20.0, 1731.0)	(21.0, 2392.0)	(22.0, 3541.0)	(23.0, 4782.0)	(24.0, 7601.0)	(25.0, 11821.0)	(26.0, 19003.0)	(27.0, 30883.0)	(28.0, 49238.0)	(29.0, 76015.0)	(30.0, 114518.0)	(31.0, 164752.0)	(32.0, 222247.0)	(33.0, 303636.0)	(34.0, 427381.0)	(35.0, 633473.0)	(36.0, 933403.0)	(37.0, 1707490.0)	(38.0, 5436487.0)	(39.0, 11591913.0)
DRR049642	(2.0, 47.0)	(3.0, 1.0)	(4.0, 8.0)	(5.0, 19.0)	(6.0, 32.0)	(7.0, 25.0)	(8.0, 41.0)	(9.0, 48.0)	(10.0, 80.0)	(11.0, 98.0)	(12.0, 119.0)	(13.0, 164.0)	(14.0, 216.0)	(15.0, 296.0)	(16.0, 443.0)	(17.0, 691.0)	(18.0, 1019.0)	(19.0, 1485.0)	(20.0, 1983.0)	(21.0, 2915.0)	(22.0, 3771.0)	(23.0, 5430.0)	(24.0, 8397.0)	(25.0, 13261.0)	(26.0, 21330.0)	(27.0, 34442.0)	(28.0, 54075.0)	(29.0, 82984.0)	(30.0, 123354.0)	(31.0, 175627.0)	(32.0, 237379.0)	(33.0, 321336.0)	(34.0, 449996.0)	(35.0, 659344.0)	(36.0, 961008.0)	(37.0, 1722820.0)	(38.0, 5278060.0)	(39.0, 11365422.0)
DRR049643	(2.0, 66.0)	(3.0, 4.0)	(4.0, 9.0)	(5.0, 14.0)	(6.0, 29.0)	(7.0, 24.0)	(8.0, 53.0)	(9.0, 55.0)	(10.0, 83.0)	(11.0, 116.0)	(12.0, 143.0)	(13.0, 185.0)	(14.0, 217.0)	(15.0, 317.0)	(16.0, 425.0)	(17.0, 700.0)	(18.0, 1003.0)	(19.0, 1465.0)	(20.0, 2021.0)	(21.0, 2803.0)	(22.0, 3819.0)	(23.0, 5219.0)	(24.0, 7680.0)	(25.0, 12081.0)	(26.0, 19462.0)	(27.0, 30742.0)	(28.0, 48736.0)	(29.0, 74352.0)	(30.0, 110531.0)	(31.0, 157168.0)	(32.0, 214955.0)	(33.0, 292047.0)	(34.0, 412908.0)	(35.0, 612306.0)	(36.0, 882008.0)	(37.0, 1589466.0)	(38.0, 4813955.0)	(39.0, 10346479.0)
DRR049644	(2.0, 25.0)	(3.0, 3.0)	(4.0, 10.0)	(5.0, 14.0)	(6.0, 28.0)	(7.0, 14.0)	(8.0, 37.0)	(9.0, 34.0)	(10.0, 67.0)	(11.0, 87.0)	(12.0, 113.0)	(13.0, 136.0)	(14.0, 217.0)	(15.0, 276.0)	(16.0, 460.0)	(17.0, 718.0)	(18.0, 1045.0)	(19.0, 1553.0)	(20.0, 2124.0)	(21.0, 3074.0)	(22.0, 4193.0)	(23.0, 5754.0)	(24.0, 8973.0)	(25.0, 14158.0)	(26.0, 22992.0)	(27.0, 36644.0)	(28.0, 57682.0)	(29.0, 88341.0)	(30.0, 130186.0)	(31.0, 185580.0)	(32.0, 248451.0)	(33.0, 333916.0)	(34.0, 464100.0)	(35.0, 674327.0)	(36.0, 1004636.0)	(37.0, 1839827.0)	(38.0, 5718949.0)	(39.0, 10650878.0)
DRR049645	(2.0, 23.0)	(3.0, 4.0)	(4.0, 13.0)	(5.0, 14.0)	(6.0, 44.0)	(7.0, 25.0)	(8.0, 43.0)	(9.0, 58.0)	(10.0, 91.0)	(11.0, 123.0)	(12.0, 118.0)	(13.0, 191.0)	(14.0, 206.0)	(15.0, 274.0)	(16.0, 428.0)	(17.0, 686.0)	(18.0, 1042.0)	(19.0, 1436.0)	(20.0, 1869.0)	(21.0, 2667.0)	(22.0, 3591.0)	(23.0, 4939.0)	(24.0, 7159.0)	(25.0, 11614.0)	(26.0, 18500.0)	(27.0, 29156.0)	(28.0, 45632.0)	(29.0, 69948.0)	(30.0, 104026.0)	(31.0, 148326.0)	(32.0, 202633.0)	(33.0, 276434.0)	(34.0, 388083.0)	(35.0, 566237.0)	(36.0, 827872.0)	(37.0, 1488344.0)	(38.0, 4532261.0)	(39.0, 10386091.0)
DRR049646	(2.0, 73.0)	(3.0, 8.0)	(4.0, 27.0)	(5.0, 47.0)	(6.0, 78.0)	(7.0, 61.0)	(8.0, 104.0)	(9.0, 128.0)	(10.0, 172.0)	(11.0, 206.0)	(12.0, 252.0)	(13.0, 363.0)	(14.0, 442.0)	(15.0, 682.0)	(16.0, 999.0)	(17.0, 1405.0)	(18.0, 1999.0)	(19.0, 2846.0)	(20.0, 3697.0)	(21.0, 5046.0)	(22.0, 6772.0)	(23.0, 9678.0)	(24.0, 14303.0)	(25.0, 22184.0)	(26.0, 34827.0)	(27.0, 53548.0)	(28.0, 82883.0)	(29.0, 123885.0)	(30.0, 179971.0)	(31.0, 255439.0)	(32.0, 357608.0)	(33.0, 508987.0)	(34.0, 751892.0)	(35.0, 1166931.0)	(36.0, 1941890.0)	(37.0, 3256236.0)	(38.0, 4362631.0)	(39.0, 1744684.0)
DRR049647	(2.0, 264.0)	(3.0, 53.0)	(4.0, 168.0)	(5.0, 245.0)	(6.0, 274.0)	(7.0, 344.0)	(8.0, 406.0)	(9.0, 514.0)	(10.0, 640.0)	(11.0, 877.0)	(12.0, 1076.0)	(13.0, 1496.0)	(14.0, 2025.0)	(15.0, 2766.0)	(16.0, 3774.0)	(17.0, 5321.0)	(18.0, 7123.0)	(19.0, 9538.0)	(20.0, 12424.0)	(21.0, 16935.0)	(22.0, 23629.0)	(23.0, 34487.0)	(24.0, 50994.0)	(25.0, 77418.0)	(26.0, 117777.0)	(27.0, 175372.0)	(28.0, 254511.0)	(29.0, 359325.0)	(30.0, 488889.0)	(31.0, 644640.0)	(32.0, 819073.0)	(33.0, 1005299.0)	(34.0, 1186291.0)	(35.0, 1318312.0)	(36.0, 1365582.0)	(37.0, 1288969.0)	(38.0, 1072239.0)	(39.0, 389875.0)
DRR049648	(2.0, 52.0)	(3.0, 3.0)	(4.0, 3.0)	(5.0, 9.0)	(6.0, 23.0)	(7.0, 27.0)	(8.0, 53.0)	(9.0, 48.0)	(10.0, 70.0)	(11.0, 97.0)	(12.0, 128.0)	(13.0, 141.0)	(14.0, 200.0)	(15.0, 296.0)	(16.0, 458.0)	(17.0, 690.0)	(18.0, 1105.0)	(19.0, 1497.0)	(20.0, 2025.0)	(21.0, 2957.0)	(22.0, 3883.0)	(23.0, 5367.0)	(24.0, 8401.0)	(25.0, 13357.0)	(26.0, 21358.0)	(27.0, 34759.0)	(28.0, 54432.0)	(29.0, 84096.0)	(30.0, 124800.0)	(31.0, 179006.0)	(32.0, 243177.0)	(33.0, 331489.0)	(34.0, 470084.0)	(35.0, 689219.0)	(36.0, 1032694.0)	(37.0, 1927612.0)	(38.0, 6066741.0)	(39.0, 10422670.0)
DRR049649	(2.0, 44.0)	(3.0, 2.0)	(4.0, 3.0)	(5.0, 14.0)	(6.0, 25.0)	(7.0, 16.0)	(8.0, 35.0)	(9.0, 49.0)	(10.0, 66.0)	(11.0, 88.0)	(12.0, 120.0)	(13.0, 153.0)	(14.0, 213.0)	(15.0, 292.0)	(16.0, 484.0)	(17.0, 707.0)	(18.0, 1132.0)	(19.0, 1593.0)	(20.0, 2277.0)	(21.0, 3152.0)	(22.0, 4303.0)	(23.0, 6011.0)	(24.0, 9202.0)	(25.0, 14922.0)	(26.0, 23568.0)	(27.0, 37965.0)	(28.0, 60116.0)	(29.0, 92118.0)	(30.0, 137388.0)	(31.0, 195631.0)	(32.0, 264692.0)	(33.0, 357498.0)	(34.0, 499838.0)	(35.0, 733408.0)	(36.0, 1072451.0)	(37.0, 1925235.0)	(38.0, 5955143.0)	(39.0, 12848790.0)
DRR049650	(2.0, 41.0)	(3.0, 3.0)	(4.0, 11.0)	(5.0, 15.0)	(6.0, 21.0)	(7.0, 29.0)	(8.0, 28.0)	(9.0, 40.0)	(10.0, 77.0)	(11.0, 116.0)	(12.0, 104.0)	(13.0, 161.0)	(14.0, 188.0)	(15.0, 257.0)	(16.0, 453.0)	(17.0, 705.0)	(18.0, 1033.0)	(19.0, 1573.0)	(20.0, 2070.0)	(21.0, 2895.0)	(22.0, 4023.0)	(23.0, 5457.0)	(24.0, 8458.0)	(25.0, 13372.0)	(26.0, 21051.0)	(27.0, 34617.0)	(28.0, 54493.0)	(29.0, 83734.0)	(30.0, 123983.0)	(31.0, 176184.0)	(32.0, 239343.0)	(33.0, 324497.0)	(34.0, 454935.0)	(35.0, 669609.0)	(36.0, 978795.0)	(37.0, 1755050.0)	(38.0, 5452973.0)	(39.0, 12289680.0)
DRR049651	(2.0, 58.0)	(3.0, 7.0)	(4.0, 33.0)	(5.0, 45.0)	(6.0, 79.0)	(7.0, 65.0)	(8.0, 101.0)	(9.0, 133.0)	(10.0, 153.0)	(11.0, 241.0)	(12.0, 305.0)	(13.0, 403.0)	(14.0, 549.0)	(15.0, 786.0)	(16.0, 1173.0)	(17.0, 1778.0)	(18.0, 2547.0)	(19.0, 3610.0)	(20.0, 4920.0)	(21.0, 6450.0)	(22.0, 8834.0)	(23.0, 12853.0)	(24.0, 19410.0)	(25.0, 30513.0)	(26.0, 47558.0)	(27.0, 74831.0)	(28.0, 115723.0)	(29.0, 172662.0)	(30.0, 253330.0)	(31.0, 358813.0)	(32.0, 503050.0)	(33.0, 714620.0)	(34.0, 1066502.0)	(35.0, 1675022.0)	(36.0, 2820803.0)	(37.0, 4788894.0)	(38.0, 6409223.0)	(39.0, 2528126.0)
DRR049652	(2.0, 59.0)	(3.0, 2.0)	(4.0, 15.0)	(5.0, 8.0)	(6.0, 37.0)	(7.0, 33.0)	(8.0, 52.0)	(9.0, 50.0)	(10.0, 88.0)	(11.0, 119.0)	(12.0, 125.0)	(13.0, 146.0)	(14.0, 242.0)	(15.0, 294.0)	(16.0, 440.0)	(17.0, 755.0)	(18.0, 1003.0)	(19.0, 1515.0)	(20.0, 2089.0)	(21.0, 2833.0)	(22.0, 4051.0)	(23.0, 5611.0)	(24.0, 8549.0)	(25.0, 13839.0)	(26.0, 22110.0)	(27.0, 35251.0)	(28.0, 55998.0)	(29.0, 84908.0)	(30.0, 125120.0)	(31.0, 178219.0)	(32.0, 240557.0)	(33.0, 324732.0)	(34.0, 453434.0)	(35.0, 663166.0)	(36.0, 976728.0)	(37.0, 1787592.0)	(38.0, 5530054.0)	(39.0, 9775391.0)
DRR049653	(2.0, 118.0)	(3.0, 7.0)	(4.0, 10.0)	(5.0, 19.0)	(6.0, 48.0)	(7.0, 33.0)	(8.0, 56.0)	(9.0, 64.0)	(10.0, 120.0)	(11.0, 138.0)	(12.0, 144.0)	(13.0, 214.0)	(14.0, 270.0)	(15.0, 361.0)	(16.0, 554.0)	(17.0, 828.0)	(18.0, 1229.0)	(19.0, 1736.0)	(20.0, 2395.0)	(21.0, 3119.0)	(22.0, 4265.0)	(23.0, 5881.0)	(24.0, 8993.0)	(25.0, 13914.0)	(26.0, 21696.0)	(27.0, 34733.0)	(28.0, 53504.0)	(29.0, 81818.0)	(30.0, 119413.0)	(31.0, 167335.0)	(32.0, 227964.0)	(33.0, 309039.0)	(34.0, 434073.0)	(35.0, 632300.0)	(36.0, 932293.0)	(37.0, 1706007.0)	(38.0, 5145129.0)	(39.0, 9008069.0)
DRR049654	(2.0, 41.0)	(3.0, 1.0)	(4.0, 8.0)	(5.0, 12.0)	(6.0, 24.0)	(7.0, 17.0)	(8.0, 27.0)	(9.0, 40.0)	(10.0, 63.0)	(11.0, 80.0)	(12.0, 106.0)	(13.0, 122.0)	(14.0, 183.0)	(15.0, 243.0)	(16.0, 345.0)	(17.0, 509.0)	(18.0, 764.0)	(19.0, 1282.0)	(20.0, 1704.0)	(21.0, 2386.0)	(22.0, 3353.0)	(23.0, 4582.0)	(24.0, 7076.0)	(25.0, 11113.0)	(26.0, 17854.0)	(27.0, 28925.0)	(28.0, 45963.0)	(29.0, 70758.0)	(30.0, 106158.0)	(31.0, 152313.0)	(32.0, 204063.0)	(33.0, 276314.0)	(34.0, 386592.0)	(35.0, 566277.0)	(36.0, 827448.0)	(37.0, 1485864.0)	(38.0, 4605760.0)	(39.0, 9814705.0)
DRR049655	(2.0, 39.0)	(3.0, 2.0)	(4.0, 4.0)	(5.0, 13.0)	(6.0, 28.0)	(7.0, 19.0)	(8.0, 43.0)	(9.0, 55.0)	(10.0, 79.0)	(11.0, 96.0)	(12.0, 105.0)	(13.0, 143.0)	(14.0, 202.0)	(15.0, 233.0)	(16.0, 402.0)	(17.0, 624.0)	(18.0, 877.0)	(19.0, 1375.0)	(20.0, 1862.0)	(21.0, 2602.0)	(22.0, 3510.0)	(23.0, 4957.0)	(24.0, 7568.0)	(25.0, 11995.0)	(26.0, 19241.0)	(27.0, 30800.0)	(28.0, 48897.0)	(29.0, 74816.0)	(30.0, 111279.0)	(31.0, 158704.0)	(32.0, 213886.0)	(33.0, 288622.0)	(34.0, 405260.0)	(35.0, 594443.0)	(36.0, 867162.0)	(37.0, 1566599.0)	(38.0, 4837774.0)	(39.0, 10430863.0)
DRR049656	(2.0, 60.0)	(3.0, 2.0)	(4.0, 8.0)	(5.0, 11.0)	(6.0, 31.0)	(7.0, 27.0)	(8.0, 45.0)	(9.0, 39.0)	(10.0, 84.0)	(11.0, 76.0)	(12.0, 127.0)	(13.0, 162.0)	(14.0, 178.0)	(15.0, 236.0)	(16.0, 402.0)	(17.0, 647.0)	(18.0, 931.0)	(19.0, 1305.0)	(20.0, 1791.0)	(21.0, 2485.0)	(22.0, 3429.0)	(23.0, 4763.0)	(24.0, 7371.0)	(25.0, 11502.0)	(26.0, 18399.0)	(27.0, 29309.0)	(28.0, 46510.0)	(29.0, 71803.0)	(30.0, 106077.0)	(31.0, 150872.0)	(32.0, 207783.0)	(33.0, 282357.0)	(34.0, 396262.0)	(35.0, 575781.0)	(36.0, 849944.0)	(37.0, 1539547.0)	(38.0, 4708175.0)	(39.0, 10860648.0)
DRR049657	(2.0, 64.0)	(3.0, 2.0)	(4.0, 11.0)	(5.0, 17.0)	(6.0, 49.0)	(7.0, 33.0)	(8.0, 53.0)	(9.0, 77.0)	(10.0, 124.0)	(11.0, 162.0)	(12.0, 160.0)	(13.0, 191.0)	(14.0, 253.0)	(15.0, 315.0)	(16.0, 487.0)	(17.0, 758.0)	(18.0, 1049.0)	(19.0, 1532.0)	(20.0, 2075.0)	(21.0, 2716.0)	(22.0, 3794.0)	(23.0, 5271.0)	(24.0, 7938.0)	(25.0, 12112.0)	(26.0, 19756.0)	(27.0, 31473.0)	(28.0, 49496.0)	(29.0, 76216.0)	(30.0, 112865.0)	(31.0, 160546.0)	(32.0, 221816.0)	(33.0, 301871.0)	(34.0, 427367.0)	(35.0, 623200.0)	(36.0, 923201.0)	(37.0, 1670296.0)	(38.0, 5166963.0)	(39.0, 11087084.0)
DRR049658	(2.0, 44.0)	(3.0, 2.0)	(4.0, 5.0)	(5.0, 18.0)	(6.0, 41.0)	(7.0, 25.0)	(8.0, 51.0)	(9.0, 56.0)	(10.0, 87.0)	(11.0, 130.0)	(12.0, 147.0)	(13.0, 210.0)	(14.0, 213.0)	(15.0, 342.0)	(16.0, 514.0)	(17.0, 710.0)	(18.0, 1069.0)	(19.0, 1611.0)	(20.0, 2207.0)	(21.0, 2853.0)	(22.0, 3781.0)	(23.0, 5256.0)	(24.0, 7807.0)	(25.0, 11952.0)	(26.0, 18733.0)	(27.0, 29797.0)	(28.0, 46990.0)	(29.0, 70833.0)	(30.0, 104794.0)	(31.0, 149344.0)	(32.0, 204816.0)	(33.0, 278280.0)	(34.0, 394702.0)	(35.0, 581990.0)	(36.0, 843710.0)	(37.0, 1522597.0)	(38.0, 4624373.0)	(39.0, 9351736.0)
DRR049659	(2.0, 59.0)	(3.0, 6.0)	(4.0, 10.0)	(5.0, 28.0)	(6.0, 47.0)	(7.0, 34.0)	(8.0, 56.0)	(9.0, 65.0)	(10.0, 122.0)	(11.0, 151.0)	(12.0, 166.0)	(13.0, 214.0)	(14.0, 262.0)	(15.0, 364.0)	(16.0, 500.0)	(17.0, 783.0)	(18.0, 1238.0)	(19.0, 1691.0)	(20.0, 2284.0)	(21.0, 3065.0)	(22.0, 4187.0)	(23.0, 5753.0)	(24.0, 8632.0)	(25.0, 13503.0)	(26.0, 20889.0)	(27.0, 34000.0)	(28.0, 53332.0)	(29.0, 81158.0)	(30.0, 120972.0)	(31.0, 172647.0)	(32.0, 237068.0)	(33.0, 322586.0)	(34.0, 458378.0)	(35.0, 668906.0)	(36.0, 982877.0)	(37.0, 1773771.0)	(38.0, 5397191.0)	(39.0, 11297853.0)
DRR049660	(2.0, 79.0)	(3.0, 2.0)	(4.0, 9.0)	(5.0, 18.0)	(6.0, 29.0)	(7.0, 22.0)	(8.0, 50.0)	(9.0, 69.0)	(10.0, 104.0)	(11.0, 125.0)	(12.0, 162.0)	(13.0, 219.0)	(14.0, 261.0)	(15.0, 336.0)	(16.0, 522.0)	(17.0, 774.0)	(18.0, 1176.0)	(19.0, 1661.0)	(20.0, 2352.0)	(21.0, 3153.0)	(22.0, 4182.0)	(23.0, 6005.0)	(24.0, 9058.0)	(25.0, 13805.0)	(26.0, 21692.0)	(27.0, 34866.0)	(28.0, 55419.0)	(29.0, 84406.0)	(30.0, 125369.0)	(31.0, 179362.0)	(32.0, 245941.0)	(33.0, 335685.0)	(34.0, 476009.0)	(35.0, 712557.0)	(36.0, 1018562.0)	(37.0, 1826488.0)	(38.0, 5461466.0)	(39.0, 12057568.0)
DRR049661	(2.0, 22.0)	(3.0, 2.0)	(4.0, 4.0)	(5.0, 17.0)	(6.0, 34.0)	(7.0, 16.0)	(8.0, 32.0)	(9.0, 46.0)	(10.0, 81.0)	(11.0, 120.0)	(12.0, 113.0)	(13.0, 153.0)	(14.0, 178.0)	(15.0, 259.0)	(16.0, 388.0)	(17.0, 628.0)	(18.0, 899.0)	(19.0, 1263.0)	(20.0, 1689.0)	(21.0, 2346.0)	(22.0, 3299.0)	(23.0, 4522.0)	(24.0, 6888.0)	(25.0, 10678.0)	(26.0, 17636.0)	(27.0, 27979.0)	(28.0, 44400.0)	(29.0, 68258.0)	(30.0, 101795.0)	(31.0, 145292.0)	(32.0, 199762.0)	(33.0, 271580.0)	(34.0, 382256.0)	(35.0, 561140.0)	(36.0, 821802.0)	(37.0, 1487284.0)	(38.0, 4565774.0)	(39.0, 9730753.0)
DRR049662	(2.0, 81.0)	(3.0, 4.0)	(4.0, 9.0)	(5.0, 28.0)	(6.0, 45.0)	(7.0, 33.0)	(8.0, 75.0)	(9.0, 80.0)	(10.0, 117.0)	(11.0, 132.0)	(12.0, 175.0)	(13.0, 253.0)	(14.0, 271.0)	(15.0, 418.0)	(16.0, 649.0)	(17.0, 928.0)	(18.0, 1350.0)	(19.0, 2063.0)	(20.0, 2670.0)	(21.0, 3797.0)	(22.0, 4862.0)	(23.0, 6906.0)	(24.0, 10381.0)	(25.0, 16065.0)	(26.0, 24645.0)	(27.0, 39264.0)	(28.0, 60407.0)	(29.0, 92027.0)	(30.0, 134930.0)	(31.0, 191807.0)	(32.0, 262070.0)	(33.0, 357285.0)	(34.0, 509051.0)	(35.0, 769669.0)	(36.0, 1096275.0)	(37.0, 1997084.0)	(38.0, 5944738.0)	(39.0, 12519017.0)
DRR049663	(2.0, 38.0)	(3.0, 4.0)	(4.0, 7.0)	(5.0, 11.0)	(6.0, 40.0)	(7.0, 36.0)	(8.0, 36.0)	(9.0, 51.0)	(10.0, 90.0)	(11.0, 99.0)	(12.0, 133.0)	(13.0, 188.0)	(14.0, 206.0)	(15.0, 314.0)	(16.0, 436.0)	(17.0, 706.0)	(18.0, 1029.0)	(19.0, 1464.0)	(20.0, 2045.0)	(21.0, 2714.0)	(22.0, 3618.0)	(23.0, 5001.0)	(24.0, 7688.0)	(25.0, 12069.0)	(26.0, 19082.0)	(27.0, 30466.0)	(28.0, 48326.0)	(29.0, 73312.0)	(30.0, 107881.0)	(31.0, 152874.0)	(32.0, 211548.0)	(33.0, 286070.0)	(34.0, 403886.0)	(35.0, 585024.0)	(36.0, 856030.0)	(37.0, 1537093.0)	(38.0, 4623656.0)	(39.0, 9981116.0)
DRR049664	(2.0, 87.0)	(3.0, 2.0)	(4.0, 15.0)	(5.0, 20.0)	(6.0, 31.0)	(7.0, 15.0)	(8.0, 51.0)	(9.0, 52.0)	(10.0, 91.0)	(11.0, 133.0)	(12.0, 122.0)	(13.0, 203.0)	(14.0, 260.0)	(15.0, 332.0)	(16.0, 529.0)	(17.0, 766.0)	(18.0, 1162.0)	(19.0, 1714.0)	(20.0, 2241.0)	(21.0, 3130.0)	(22.0, 4444.0)	(23.0, 5903.0)	(24.0, 8800.0)	(25.0, 14002.0)	(26.0, 21659.0)	(27.0, 34542.0)	(28.0, 54811.0)	(29.0, 83929.0)	(30.0, 124164.0)	(31.0, 175676.0)	(32.0, 238995.0)	(33.0, 325722.0)	(34.0, 463143.0)	(35.0, 702416.0)	(36.0, 989387.0)	(37.0, 1776499.0)	(38.0, 5342956.0)	(39.0, 11470332.0)
DRR049665	(2.0, 1059.0)	(3.0, 0.0)	(4.0, 0.0)	(5.0, 0.0)	(6.0, 0.0)	(7.0, 0.0)	(8.0, 0.0)	(9.0, 0.0)	(10.0, 0.0)	(11.0, 2.0)	(12.0, 8.0)	(13.0, 29.0)	(14.0, 64.0)	(15.0, 100.0)	(16.0, 119.0)	(17.0, 289.0)	(18.0, 1159.0)	(19.0, 4659.0)	(20.0, 13479.0)	(21.0, 29298.0)	(22.0, 50486.0)	(23.0, 73368.0)	(24.0, 93032.0)	(25.0, 111834.0)	(26.0, 134666.0)	(27.0, 167421.0)	(28.0, 213583.0)	(29.0, 278162.0)	(30.0, 362994.0)	(31.0, 469307.0)	(32.0, 595134.0)	(33.0, 744996.0)	(34.0, 932526.0)	(35.0, 1197439.0)	(36.0, 1700091.0)	(37.0, 2585898.0)		
DRR049668_1	(2.0, 17234470.0)	(3.0, 15.0)	(4.0, 197.0)	(5.0, 14351.0)	(6.0, 21541.0)	(7.0, 17163.0)	(8.0, 15924.0)	(9.0, 11941.0)	(10.0, 11773.0)	(11.0, 9879.0)	(12.0, 10024.0)	(13.0, 10318.0)	(14.0, 13017.0)	(15.0, 105017.0)	(16.0, 207270.0)	(17.0, 210136.0)	(18.0, 207103.0)	(19.0, 221691.0)	(20.0, 250732.0)	(21.0, 310783.0)	(22.0, 377014.0)	(23.0, 447206.0)	(24.0, 530125.0)	(25.0, 626641.0)	(26.0, 747802.0)	(27.0, 892413.0)	(28.0, 1070980.0)	(29.0, 1280579.0)	(30.0, 1538928.0)	(31.0, 1870820.0)	(32.0, 2321906.0)	(33.0, 3002172.0)	(34.0, 4126772.0)	(35.0, 6207445.0)	(36.0, 10774289.0)	(37.0, 24275422.0)	(38.0, 64568289.0)	(39.0, 36562805.0)
DRR049668_2	(2.0, 17076341.0)	(3.0, 0.0)	(4.0, 45.0)	(5.0, 704.0)	(6.0, 866.0)	(7.0, 936.0)	(8.0, 818.0)	(9.0, 637.0)	(10.0, 521.0)	(11.0, 500.0)	(12.0, 566.0)	(13.0, 942.0)	(14.0, 33401.0)	(15.0, 177266.0)	(16.0, 253221.0)	(17.0, 274231.0)	(18.0, 265762.0)	(19.0, 311276.0)	(20.0, 407112.0)	(21.0, 510656.0)	(22.0, 643336.0)	(23.0, 790674.0)	(24.0, 951979.0)	(25.0, 1132204.0)	(26.0, 1340266.0)	(27.0, 1603089.0)	(28.0, 1950711.0)	(29.0, 2381736.0)	(30.0, 2856326.0)	(31.0, 3403960.0)	(32.0, 4263289.0)	(33.0, 5854534.0)	(34.0, 8898449.0)	(35.0, 15197386.0)	(36.0, 28269679.0)	(37.0, 45467139.0)	(38.0, 33126389.0)	(39.0, 2658006.0)
DRR049669_1	(2.0, 9028261.0)	(3.0, 0.0)	(4.0, 0.0)	(5.0, 0.0)	(6.0, 2.0)	(7.0, 0.0)	(8.0, 5.0)	(9.0, 14.0)	(10.0, 31.0)	(11.0, 106.0)	(12.0, 226.0)	(13.0, 378.0)	(14.0, 4071.0)	(15.0, 87492.0)	(16.0, 168781.0)	(17.0, 158088.0)	(18.0, 143416.0)	(19.0, 142859.0)	(20.0, 153426.0)	(21.0, 181867.0)	(22.0, 217076.0)	(23.0, 255850.0)	(24.0, 300775.0)	(25.0, 355440.0)	(26.0, 423291.0)	(27.0, 507546.0)	(28.0, 606721.0)	(29.0, 725573.0)	(30.0, 869797.0)	(31.0, 1049786.0)	(32.0, 1297928.0)	(33.0, 1671746.0)	(34.0, 2315757.0)	(35.0, 3535226.0)	(36.0, 6170182.0)	(37.0, 13618821.0)	(38.0, 35264022.0)	(39.0, 19487728.0)
DRR049669_2	(2.0, 8929499.0)	(3.0, 289.0)	(4.0, 684.0)	(5.0, 853.0)	(6.0, 882.0)	(7.0, 1133.0)	(8.0, 1313.0)	(9.0, 1614.0)	(10.0, 1885.0)	(11.0, 1988.0)	(12.0, 2031.0)	(13.0, 2336.0)	(14.0, 23225.0)	(15.0, 109063.0)	(16.0, 158182.0)	(17.0, 178320.0)	(18.0, 170848.0)	(19.0, 192203.0)	(20.0, 244202.0)	(21.0, 294465.0)	(22.0, 363128.0)	(23.0, 442040.0)	(24.0, 525722.0)	(25.0, 624834.0)	(26.0, 743103.0)	(27.0, 885014.0)	(28.0, 1058884.0)	(29.0, 1272157.0)	(30.0, 1530263.0)	(31.0, 1881197.0)	(32.0, 2415717.0)	(33.0, 3313851.0)	(34.0, 4940779.0)	(35.0, 8206569.0)	(36.0, 15029491.0)	(37.0, 24685337.0)	(38.0, 18997728.0)	(39.0, 1511459.0)
DRR076623_1	(11.0, 8.0)	(12.0, 218.0)	(13.0, 370.0)	(14.0, 497.0)	(15.0, 904.0)	(16.0, 2797.0)	(17.0, 8832.0)	(18.0, 23012.0)	(19.0, 49112.0)	(20.0, 88800.0)	(21.0, 143734.0)	(22.0, 214900.0)	(23.0, 307172.0)	(24.0, 424475.0)	(25.0, 567292.0)	(26.0, 732800.0)	(27.0, 920856.0)	(28.0, 1131136.0)	(29.0, 1358606.0)	(30.0, 1603670.0)	(31.0, 1874776.0)	(32.0, 2187462.0)	(33.0, 2563914.0)	(34.0, 3052616.0)	(35.0, 3726425.0)	(36.0, 4744259.0)	(37.0, 6450888.0)	(38.0, 9790651.0)	(39.0, 18843428.0)	(40.0, 48039211.0)								
DRR076623_2	(10.0, 75.0)	(11.0, 15313.0)	(12.0, 185323.0)	(13.0, 639655.0)	(14.0, 1083068.0)	(15.0, 885081.0)	(16.0, 568682.0)	(17.0, 465233.0)	(18.0, 442498.0)	(19.0, 452521.0)	(20.0, 494332.0)	(21.0, 563876.0)	(22.0, 652726.0)	(23.0, 758183.0)	(24.0, 876988.0)	(25.0, 1011194.0)	(26.0, 1165191.0)	(27.0, 1337281.0)	(28.0, 1534864.0)	(29.0, 1766698.0)	(30.0, 2048356.0)	(31.0, 2387936.0)	(32.0, 2828448.0)	(33.0, 3406029.0)	(34.0, 4167280.0)	(35.0, 5231613.0)	(36.0, 6870913.0)	(37.0, 9739028.0)	(38.0, 15328239.0)	(39.0, 25708273.0)	(40.0, 16237924.0)							
DRR076624_1	(11.0, 2.0)	(12.0, 158.0)	(13.0, 405.0)	(14.0, 532.0)	(15.0, 738.0)	(16.0, 1490.0)	(17.0, 3801.0)	(18.0, 9964.0)	(19.0, 23293.0)	(20.0, 45442.0)	(21.0, 74779.0)	(22.0, 114013.0)	(23.0, 164096.0)	(24.0, 228181.0)	(25.0, 312692.0)	(26.0, 417063.0)	(27.0, 546446.0)	(28.0, 698000.0)	(29.0, 873856.0)	(30.0, 1076192.0)	(31.0, 1311649.0)	(32.0, 1587570.0)	(33.0, 1915515.0)	(34.0, 2312568.0)	(35.0, 2827311.0)	(36.0, 3538923.0)	(37.0, 4678008.0)	(38.0, 6924418.0)	(39.0, 13988972.0)	(40.0, 64740506.0)								
DRR076624_2	(10.0, 18.0)	(11.0, 3091.0)	(12.0, 100261.0)	(13.0, 616590.0)	(14.0, 1319827.0)	(15.0, 1238816.0)	(16.0, 831656.0)	(17.0, 581039.0)	(18.0, 457553.0)	(19.0, 396849.0)	(20.0, 381309.0)	(21.0, 400252.0)	(22.0, 444966.0)	(23.0, 511456.0)	(24.0, 592909.0)	(25.0, 693639.0)	(26.0, 808753.0)	(27.0, 939912.0)	(28.0, 1096581.0)	(29.0, 1280568.0)	(30.0, 1513074.0)	(31.0, 1796188.0)	(32.0, 2145167.0)	(33.0, 2563719.0)	(34.0, 3082011.0)	(35.0, 3788503.0)	(36.0, 4841915.0)	(37.0, 6653817.0)	(38.0, 10460863.0)	(39.0, 21872784.0)	(40.0, 37002497.0)							
DRR076625_1	(11.0, 1.0)	(12.0, 107.0)	(13.0, 379.0)	(14.0, 468.0)	(15.0, 689.0)	(16.0, 1594.0)	(17.0, 4221.0)	(18.0, 11173.0)	(19.0, 25953.0)	(20.0, 49650.0)	(21.0, 83532.0)	(22.0, 128047.0)	(23.0, 186364.0)	(24.0, 262629.0)	(25.0, 358073.0)	(26.0, 476080.0)	(27.0, 618879.0)	(28.0, 786055.0)	(29.0, 977983.0)	(30.0, 1193414.0)	(31.0, 1444175.0)	(32.0, 1730779.0)	(33.0, 2072855.0)	(34.0, 2492221.0)	(35.0, 3035618.0)	(36.0, 3782275.0)	(37.0, 4983007.0)	(38.0, 7374779.0)	(39.0, 14918113.0)	(40.0, 61571658.0)								
DRR076625_2	(10.0, 23.0)	(11.0, 5572.0)	(12.0, 158244.0)	(13.0, 851613.0)	(14.0, 1463153.0)	(15.0, 1153287.0)	(16.0, 781714.0)	(17.0, 611027.0)	(18.0, 528364.0)	(19.0, 487140.0)	(20.0, 490266.0)	(21.0, 529125.0)	(22.0, 594333.0)	(23.0, 681063.0)	(24.0, 783935.0)	(25.0, 904911.0)	(26.0, 1040030.0)	(27.0, 1196153.0)	(28.0, 1376057.0)	(29.0, 1591114.0)	(30.0, 1846305.0)	(31.0, 2162432.0)	(32.0, 2551784.0)	(33.0, 3025475.0)	(34.0, 3621159.0)	(35.0, 4407236.0)	(36.0, 5521108.0)	(37.0, 7263088.0)	(38.0, 10493513.0)	(39.0, 19853981.0)	(40.0, 32597566.0)							
DRR076626_1	(12.0, 124.0)	(13.0, 237.0)	(14.0, 274.0)	(15.0, 442.0)	(16.0, 1115.0)	(17.0, 3170.0)	(18.0, 8507.0)	(19.0, 20865.0)	(20.0, 43097.0)	(21.0, 75895.0)	(22.0, 119046.0)	(23.0, 174206.0)	(24.0, 246107.0)	(25.0, 338168.0)	(26.0, 456919.0)	(27.0, 598522.0)	(28.0, 766132.0)	(29.0, 952180.0)	(30.0, 1161248.0)	(31.0, 1387898.0)	(32.0, 1643312.0)	(33.0, 1935987.0)	(34.0, 2295022.0)	(35.0, 2750448.0)	(36.0, 3382083.0)	(37.0, 4345890.0)	(38.0, 6117652.0)	(39.0, 10764655.0)	(40.0, 69597329.0)									
DRR076626_2	(10.0, 3.0)	(11.0, 1425.0)	(12.0, 73827.0)	(13.0, 545932.0)	(14.0, 1228342.0)	(15.0, 1109584.0)	(16.0, 733533.0)	(17.0, 579029.0)	(18.0, 546780.0)	(19.0, 549712.0)	(20.0, 589769.0)	(21.0, 660613.0)	(22.0, 754193.0)	(23.0, 865978.0)	(24.0, 989377.0)	(25.0, 1120440.0)	(26.0, 1261960.0)	(27.0, 1416517.0)	(28.0, 1592391.0)	(29.0, 1779394.0)	(30.0, 1998780.0)	(31.0, 2258958.0)	(32.0, 2580397.0)	(33.0, 2985650.0)	(34.0, 3503187.0)	(35.0, 4190229.0)	(36.0, 5213086.0)	(37.0, 6933364.0)	(38.0, 10449607.0)	(39.0, 19706882.0)	(40.0, 32967591.0)							
DRR076627_1	(12.0, 126.0)	(13.0, 246.0)	(14.0, 273.0)	(15.0, 419.0)	(16.0, 1185.0)	(17.0, 3588.0)	(18.0, 9401.0)	(19.0, 21895.0)	(20.0, 43458.0)	(21.0, 74186.0)	(22.0, 113472.0)	(23.0, 165926.0)	(24.0, 234499.0)	(25.0, 323213.0)	(26.0, 436729.0)	(27.0, 576617.0)	(28.0, 741210.0)	(29.0, 926209.0)	(30.0, 1131889.0)	(31.0, 1360455.0)	(32.0, 1615695.0)	(33.0, 1908644.0)	(34.0, 2257745.0)	(35.0, 2708308.0)	(36.0, 3320210.0)	(37.0, 4269697.0)	(38.0, 5999775.0)	(39.0, 10646917.0)	(40.0, 70439933.0)									
DRR076627_2	(10.0, 5.0)	(11.0, 1068.0)	(12.0, 56832.0)	(13.0, 478537.0)	(14.0, 1191620.0)	(15.0, 1140163.0)	(16.0, 760806.0)	(17.0, 596459.0)	(18.0, 553137.0)	(19.0, 542692.0)	(20.0, 564168.0)	(21.0, 620211.0)	(22.0, 701479.0)	(23.0, 797274.0)	(24.0, 908073.0)	(25.0, 1028832.0)	(26.0, 1162018.0)	(27.0, 1311035.0)	(28.0, 1483745.0)	(29.0, 1674411.0)	(30.0, 1903539.0)	(31.0, 2172335.0)	(32.0, 2489616.0)	(33.0, 2875738.0)	(34.0, 3363894.0)	(35.0, 4040323.0)	(36.0, 5052001.0)	(37.0, 6789146.0)	(38.0, 10317081.0)	(39.0, 19814084.0)	(40.0, 34941598.0)							
DRR076628_1	(12.0, 126.0)	(13.0, 266.0)	(14.0, 272.0)	(15.0, 419.0)	(16.0, 1163.0)	(17.0, 3612.0)	(18.0, 9799.0)	(19.0, 23200.0)	(20.0, 47121.0)	(21.0, 81864.0)	(22.0, 126008.0)	(23.0, 184663.0)	(24.0, 259963.0)	(25.0, 355760.0)	(26.0, 475029.0)	(27.0, 622565.0)	(28.0, 793255.0)	(29.0, 984277.0)	(30.0, 1194577.0)	(31.0, 1428070.0)	(32.0, 1687847.0)	(33.0, 1987885.0)	(34.0, 2349954.0)	(35.0, 2808426.0)	(36.0, 3432181.0)	(37.0, 4384812.0)	(38.0, 6137045.0)	(39.0, 10891490.0)	(40.0, 69388332.0)									
DRR076628_2	(10.0, 3.0)	(11.0, 1262.0)	(12.0, 65578.0)	(13.0, 525858.0)	(14.0, 1222627.0)	(15.0, 1103324.0)	(16.0, 738411.0)	(17.0, 597643.0)	(18.0, 570347.0)	(19.0, 575739.0)	(20.0, 616001.0)	(21.0, 691333.0)	(22.0, 788631.0)	(23.0, 905181.0)	(24.0, 1030033.0)	(25.0, 1167098.0)	(26.0, 1318766.0)	(27.0, 1487652.0)	(28.0, 1670114.0)	(29.0, 1883903.0)	(30.0, 2130546.0)	(31.0, 2420530.0)	(32.0, 2762324.0)	(33.0, 3174076.0)	(34.0, 3687698.0)	(35.0, 4396233.0)	(36.0, 5479047.0)	(37.0, 7353059.0)	(38.0, 11105042.0)	(39.0, 20040867.0)	(40.0, 30151055.0)							
DRR076629_1	(11.0, 1.0)	(12.0, 102.0)	(13.0, 219.0)	(14.0, 283.0)	(15.0, 368.0)	(16.0, 966.0)	(17.0, 3085.0)	(18.0, 8878.0)	(19.0, 21050.0)	(20.0, 43433.0)	(21.0, 76180.0)	(22.0, 119207.0)	(23.0, 173791.0)	(24.0, 245442.0)	(25.0, 339101.0)	(26.0, 456847.0)	(27.0, 602027.0)	(28.0, 771049.0)	(29.0, 964321.0)	(30.0, 1178328.0)	(31.0, 1412332.0)	(32.0, 1673837.0)	(33.0, 1977526.0)	(34.0, 2337441.0)	(35.0, 2798799.0)	(36.0, 3424230.0)	(37.0, 4392785.0)	(38.0, 6171610.0)	(39.0, 11044339.0)	(40.0, 69641615.0)								
DRR076629_2	(10.0, 1.0)	(11.0, 1158.0)	(12.0, 66375.0)	(13.0, 530835.0)	(14.0, 1234124.0)	(15.0, 1115405.0)	(16.0, 743874.0)	(17.0, 612600.0)	(18.0, 587168.0)	(19.0, 586214.0)	(20.0, 613364.0)	(21.0, 678845.0)	(22.0, 765957.0)	(23.0, 868215.0)	(24.0, 987504.0)	(25.0, 1117378.0)	(26.0, 1260775.0)	(27.0, 1420621.0)	(28.0, 1601079.0)	(29.0, 1806269.0)	(30.0, 2050576.0)	(31.0, 2334839.0)	(32.0, 2672020.0)	(33.0, 3084981.0)	(34.0, 3609538.0)	(35.0, 4346109.0)	(36.0, 5472548.0)	(37.0, 7421374.0)	(38.0, 11283364.0)	(39.0, 20580799.0)	(40.0, 30425283.0)							
DRR076630_1	(12.0, 93.0)	(13.0, 183.0)	(14.0, 202.0)	(15.0, 348.0)	(16.0, 1024.0)	(17.0, 3160.0)	(18.0, 8502.0)	(19.0, 19201.0)	(20.0, 38026.0)	(21.0, 64923.0)	(22.0, 100424.0)	(23.0, 143961.0)	(24.0, 202826.0)	(25.0, 276259.0)	(26.0, 369381.0)	(27.0, 482585.0)	(28.0, 612707.0)	(29.0, 759258.0)	(30.0, 921668.0)	(31.0, 1099632.0)	(32.0, 1297842.0)	(33.0, 1520988.0)	(34.0, 1793955.0)	(35.0, 2137077.0)	(36.0, 2607908.0)	(37.0, 3322592.0)	(38.0, 4631681.0)	(39.0, 8130338.0)	(40.0, 51692493.0)									
DRR076630_2	(10.0, 7.0)	(11.0, 1045.0)	(12.0, 54117.0)	(13.0, 407321.0)	(14.0, 929335.0)	(15.0, 837866.0)	(16.0, 577024.0)	(17.0, 481335.0)	(18.0, 465709.0)	(19.0, 470068.0)	(20.0, 502796.0)	(21.0, 563076.0)	(22.0, 642866.0)	(23.0, 736307.0)	(24.0, 840476.0)	(25.0, 948179.0)	(26.0, 1067661.0)	(27.0, 1196794.0)	(28.0, 1341912.0)	(29.0, 1505538.0)	(30.0, 1694346.0)	(31.0, 1913326.0)	(32.0, 2166507.0)	(33.0, 2469162.0)	(34.0, 2852618.0)	(35.0, 3374895.0)	(36.0, 4166542.0)	(37.0, 5542466.0)	(38.0, 8343930.0)	(39.0, 15465073.0)	(40.0, 20680940.0)							
DRR076631_1	(11.0, 1.0)	(12.0, 181.0)	(13.0, 296.0)	(14.0, 315.0)	(15.0, 555.0)	(16.0, 1719.0)	(17.0, 4957.0)	(18.0, 12428.0)	(19.0, 27171.0)	(20.0, 52447.0)	(21.0, 87420.0)	(22.0, 133201.0)	(23.0, 191652.0)	(24.0, 264060.0)	(25.0, 359091.0)	(26.0, 477292.0)	(27.0, 620564.0)	(28.0, 786683.0)	(29.0, 973056.0)	(30.0, 1181222.0)	(31.0, 1406483.0)	(32.0, 1660597.0)	(33.0, 1950101.0)	(34.0, 2295593.0)	(35.0, 2738957.0)	(36.0, 3343463.0)	(37.0, 4283766.0)	(38.0, 6002425.0)	(39.0, 10625661.0)	(40.0, 69909256.0)								
DRR076631_2	(10.0, 6.0)	(11.0, 1263.0)	(12.0, 64085.0)	(13.0, 474281.0)	(14.0, 1113982.0)	(15.0, 1062036.0)	(16.0, 735917.0)	(17.0, 578966.0)	(18.0, 537302.0)	(19.0, 536831.0)	(20.0, 572704.0)	(21.0, 639854.0)	(22.0, 729559.0)	(23.0, 834091.0)	(24.0, 957493.0)	(25.0, 1087245.0)	(26.0, 1233580.0)	(27.0, 1395876.0)	(28.0, 1581346.0)	(29.0, 1794395.0)	(30.0, 2038330.0)	(31.0, 2310455.0)	(32.0, 2620588.0)	(33.0, 2994124.0)	(34.0, 3473795.0)	(35.0, 4137254.0)	(36.0, 5143671.0)	(37.0, 6879253.0)	(38.0, 10415229.0)	(39.0, 19515031.0)	(40.0, 33932071.0)							
DRR076632_1	(11.0, 1.0)	(12.0, 175.0)	(13.0, 283.0)	(14.0, 299.0)	(15.0, 459.0)	(16.0, 1321.0)	(17.0, 4129.0)	(18.0, 11024.0)	(19.0, 25461.0)	(20.0, 51003.0)	(21.0, 87110.0)	(22.0, 134280.0)	(23.0, 193872.0)	(24.0, 270380.0)	(25.0, 368033.0)	(26.0, 492049.0)	(27.0, 640365.0)	(28.0, 812013.0)	(29.0, 1005853.0)	(30.0, 1217868.0)	(31.0, 1453319.0)	(32.0, 1718388.0)	(33.0, 2018399.0)	(34.0, 2383003.0)	(35.0, 2840738.0)	(36.0, 3477970.0)	(37.0, 4448041.0)	(38.0, 6222351.0)	(39.0, 11031098.0)	(40.0, 69113009.0)								
DRR076632_2	(10.0, 4.0)	(11.0, 1412.0)	(12.0, 87138.0)	(13.0, 664221.0)	(14.0, 1389405.0)	(15.0, 1151902.0)	(16.0, 781492.0)	(17.0, 662995.0)	(18.0, 638587.0)	(19.0, 631276.0)	(20.0, 653325.0)	(21.0, 714207.0)	(22.0, 800839.0)	(23.0, 905551.0)	(24.0, 1021871.0)	(25.0, 1151299.0)	(26.0, 1296889.0)	(27.0, 1459478.0)	(28.0, 1646619.0)	(29.0, 1858484.0)	(30.0, 2108413.0)	(31.0, 2388715.0)	(32.0, 2716712.0)	(33.0, 3105190.0)	(34.0, 3612910.0)	(35.0, 4323545.0)	(36.0, 5419852.0)	(37.0, 7311410.0)	(38.0, 11091661.0)	(39.0, 20043460.0)	(40.0, 30383432.0)							
DRR076633_1	(11.0, 4.0)	(12.0, 242.0)	(13.0, 426.0)	(14.0, 523.0)	(15.0, 1164.0)	(16.0, 3510.0)	(17.0, 9789.0)	(18.0, 23618.0)	(19.0, 48888.0)	(20.0, 86610.0)	(21.0, 137949.0)	(22.0, 205019.0)	(23.0, 291359.0)	(24.0, 404062.0)	(25.0, 539324.0)	(26.0, 699299.0)	(27.0, 880399.0)	(28.0, 1083110.0)	(29.0, 1300111.0)	(30.0, 1538989.0)	(31.0, 1799396.0)	(32.0, 2099069.0)	(33.0, 2455934.0)	(34.0, 2907271.0)	(35.0, 3526351.0)	(36.0, 4441112.0)	(37.0, 5961169.0)	(38.0, 8986375.0)	(39.0, 17912990.0)	(40.0, 52500362.0)								
DRR076633_2	(10.0, 116.0)	(11.0, 30989.0)	(12.0, 327114.0)	(13.0, 1031776.0)	(14.0, 1525321.0)	(15.0, 1030975.0)	(16.0, 625543.0)	(17.0, 514226.0)	(18.0, 480876.0)	(19.0, 477445.0)	(20.0, 503461.0)	(21.0, 551730.0)	(22.0, 624437.0)	(23.0, 711865.0)	(24.0, 812664.0)	(25.0, 928966.0)	(26.0, 1061371.0)	(27.0, 1213733.0)	(28.0, 1394868.0)	(29.0, 1617466.0)	(30.0, 1884578.0)	(31.0, 2207931.0)	(32.0, 2594619.0)	(33.0, 3085622.0)	(34.0, 3727668.0)	(35.0, 4647179.0)	(36.0, 6103975.0)	(37.0, 8763406.0)	(38.0, 14323341.0)	(39.0, 26688275.0)	(40.0, 20352888.0)							
DRR076634_1	(11.0, 5.0)	(12.0, 244.0)	(13.0, 388.0)	(14.0, 490.0)	(15.0, 1081.0)	(16.0, 3271.0)	(17.0, 9145.0)	(18.0, 23454.0)	(19.0, 48496.0)	(20.0, 86175.0)	(21.0, 136554.0)	(22.0, 203872.0)	(23.0, 290453.0)	(24.0, 401242.0)	(25.0, 537364.0)	(26.0, 697995.0)	(27.0, 878760.0)	(28.0, 1080007.0)	(29.0, 1296444.0)	(30.0, 1534615.0)	(31.0, 1797037.0)	(32.0, 2097338.0)	(33.0, 2455694.0)	(34.0, 2910044.0)	(35.0, 3521128.0)	(36.0, 4421395.0)	(37.0, 5898642.0)	(38.0, 8835684.0)	(39.0, 17650143.0)	(40.0, 51566751.0)								
DRR076634_2	(10.0, 111.0)	(11.0, 27338.0)	(12.0, 287857.0)	(13.0, 910779.0)	(14.0, 1378751.0)	(15.0, 981894.0)	(16.0, 616323.0)	(17.0, 517413.0)	(18.0, 487241.0)	(19.0, 477653.0)	(20.0, 499707.0)	(21.0, 547496.0)	(22.0, 616382.0)	(23.0, 700199.0)	(24.0, 799058.0)	(25.0, 911207.0)	(26.0, 1042981.0)	(27.0, 1199053.0)	(28.0, 1382321.0)	(29.0, 1609245.0)	(30.0, 1886018.0)	(31.0, 2215550.0)	(32.0, 2616927.0)	(33.0, 3115560.0)	(34.0, 3773041.0)	(35.0, 4719975.0)	(36.0, 6222816.0)	(37.0, 8949728.0)	(38.0, 14604942.0)	(39.0, 26512078.0)	(40.0, 18774267.0)							
DRR076635_1	(11.0, 9.0)	(12.0, 263.0)	(13.0, 399.0)	(14.0, 569.0)	(15.0, 1106.0)	(16.0, 3449.0)	(17.0, 9702.0)	(18.0, 24171.0)	(19.0, 50975.0)	(20.0, 90210.0)	(21.0, 144590.0)	(22.0, 216398.0)	(23.0, 310050.0)	(24.0, 428010.0)	(25.0, 575520.0)	(26.0, 747307.0)	(27.0, 940806.0)	(28.0, 1154539.0)	(29.0, 1389573.0)	(30.0, 1636685.0)	(31.0, 1921186.0)	(32.0, 2242351.0)	(33.0, 2634762.0)	(34.0, 3137370.0)	(35.0, 3827800.0)	(36.0, 4854103.0)	(37.0, 6522150.0)	(38.0, 9623988.0)	(39.0, 17545664.0)	(40.0, 49098104.0)								
DRR076635_2	(10.0, 150.0)	(11.0, 32513.0)	(12.0, 334446.0)	(13.0, 1042982.0)	(14.0, 1508219.0)	(15.0, 1008655.0)	(16.0, 598935.0)	(17.0, 474673.0)	(18.0, 434357.0)	(19.0, 428379.0)	(20.0, 451698.0)	(21.0, 501165.0)	(22.0, 568215.0)	(23.0, 651336.0)	(24.0, 749662.0)	(25.0, 862389.0)	(26.0, 992072.0)	(27.0, 1146364.0)	(28.0, 1326839.0)	(29.0, 1544933.0)	(30.0, 1821389.0)	(31.0, 2154077.0)	(32.0, 2563000.0)	(33.0, 3071372.0)	(34.0, 3730369.0)	(35.0, 4667172.0)	(36.0, 6149668.0)	(37.0, 8829048.0)	(38.0, 14420772.0)	(39.0, 26722809.0)	(40.0, 20344151.0)							
DRR076636_1	(11.0, 6.0)	(12.0, 213.0)	(13.0, 357.0)	(14.0, 495.0)	(15.0, 1156.0)	(16.0, 3650.0)	(17.0, 10054.0)	(18.0, 24362.0)	(19.0, 50809.0)	(20.0, 90688.0)	(21.0, 144261.0)	(22.0, 215741.0)	(23.0, 306880.0)	(24.0, 424987.0)	(25.0, 566752.0)	(26.0, 734149.0)	(27.0, 925586.0)	(28.0, 1134225.0)	(29.0, 1362261.0)	(30.0, 1609499.0)	(31.0, 1882117.0)	(32.0, 2196456.0)	(33.0, 2584353.0)	(34.0, 3075295.0)	(35.0, 3757362.0)	(36.0, 4775068.0)	(37.0, 6478462.0)	(38.0, 9713912.0)	(39.0, 18225682.0)	(40.0, 48045540.0)								
DRR076636_2	(10.0, 73.0)	(11.0, 14346.0)	(12.0, 182539.0)	(13.0, 666800.0)	(14.0, 1256358.0)	(15.0, 1132615.0)	(16.0, 718597.0)	(17.0, 534787.0)	(18.0, 478732.0)	(19.0, 472028.0)	(20.0, 501085.0)	(21.0, 562687.0)	(22.0, 642863.0)	(23.0, 741316.0)	(24.0, 850505.0)	(25.0, 980894.0)	(26.0, 1125388.0)	(27.0, 1293565.0)	(28.0, 1488396.0)	(29.0, 1722593.0)	(30.0, 2013074.0)	(31.0, 2365152.0)	(32.0, 2809626.0)	(33.0, 3372094.0)	(34.0, 4109646.0)	(35.0, 5174013.0)	(36.0, 6838866.0)	(37.0, 9746009.0)	(38.0, 15149234.0)	(39.0, 25181641.0)	(40.0, 16214856.0)							
DRR076637_1	(11.0, 5.0)	(12.0, 195.0)	(13.0, 309.0)	(14.0, 442.0)	(15.0, 1229.0)	(16.0, 3583.0)	(17.0, 9963.0)	(18.0, 24017.0)	(19.0, 49342.0)	(20.0, 88164.0)	(21.0, 139636.0)	(22.0, 208258.0)	(23.0, 296888.0)	(24.0, 409832.0)	(25.0, 549286.0)	(26.0, 712422.0)	(27.0, 897882.0)	(28.0, 1101615.0)	(29.0, 1325194.0)	(30.0, 1569907.0)	(31.0, 1841916.0)	(32.0, 2151016.0)	(33.0, 2524999.0)	(34.0, 3005796.0)	(35.0, 3655769.0)	(36.0, 4627667.0)	(37.0, 6275141.0)	(38.0, 9595965.0)	(39.0, 19040041.0)	(40.0, 49102116.0)								
DRR076637_2	(10.0, 134.0)	(11.0, 19868.0)	(12.0, 240132.0)	(13.0, 844857.0)	(14.0, 1531071.0)	(15.0, 1370190.0)	(16.0, 859774.0)	(17.0, 604154.0)	(18.0, 514379.0)	(19.0, 491611.0)	(20.0, 513973.0)	(21.0, 569502.0)	(22.0, 647152.0)	(23.0, 746133.0)	(24.0, 858440.0)	(25.0, 989708.0)	(26.0, 1140743.0)	(27.0, 1311913.0)	(28.0, 1517579.0)	(29.0, 1763776.0)	(30.0, 2063370.0)	(31.0, 2419969.0)	(32.0, 2867557.0)	(33.0, 3442375.0)	(34.0, 4209282.0)	(35.0, 5310833.0)	(36.0, 7052857.0)	(37.0, 9952534.0)	(38.0, 15051050.0)	(39.0, 24323512.0)	(40.0, 15980167.0)							
DRR076638_1	(11.0, 9.0)	(12.0, 216.0)	(13.0, 333.0)	(14.0, 495.0)	(15.0, 1278.0)	(16.0, 3984.0)	(17.0, 10619.0)	(18.0, 25032.0)	(19.0, 50848.0)	(20.0, 89180.0)	(21.0, 140558.0)	(22.0, 207660.0)	(23.0, 293882.0)	(24.0, 404976.0)	(25.0, 539867.0)	(26.0, 699907.0)	(27.0, 886718.0)	(28.0, 1087263.0)	(29.0, 1306700.0)	(30.0, 1547534.0)	(31.0, 1813978.0)	(32.0, 2114536.0)	(33.0, 2475219.0)	(34.0, 2935819.0)	(35.0, 3570524.0)	(36.0, 4523465.0)	(37.0, 6150022.0)	(38.0, 9412758.0)	(39.0, 18597110.0)	(40.0, 49942587.0)								
DRR076638_2	(10.0, 61.0)	(11.0, 13628.0)	(12.0, 173109.0)	(13.0, 657911.0)	(14.0, 1249701.0)	(15.0, 1114113.0)	(16.0, 705692.0)	(17.0, 516108.0)	(18.0, 455434.0)	(19.0, 442505.0)	(20.0, 468146.0)	(21.0, 522046.0)	(22.0, 595751.0)	(23.0, 686439.0)	(24.0, 790019.0)	(25.0, 910965.0)	(26.0, 1049037.0)	(27.0, 1214802.0)	(28.0, 1411795.0)	(29.0, 1646282.0)	(30.0, 1931846.0)	(31.0, 2269200.0)	(32.0, 2690372.0)	(33.0, 3234839.0)	(34.0, 3961174.0)	(35.0, 5012900.0)	(36.0, 6681090.0)	(37.0, 9577679.0)	(38.0, 15144489.0)	(39.0, 25943937.0)	(40.0, 17762007.0)							
DRR076639_1	(11.0, 1.0)	(12.0, 151.0)	(13.0, 361.0)	(14.0, 481.0)	(15.0, 734.0)	(16.0, 1482.0)	(17.0, 4060.0)	(18.0, 11248.0)	(19.0, 26643.0)	(20.0, 51852.0)	(21.0, 87567.0)	(22.0, 134715.0)	(23.0, 196405.0)	(24.0, 275338.0)	(25.0, 377576.0)	(26.0, 503544.0)	(27.0, 652433.0)	(28.0, 827712.0)	(29.0, 1027470.0)	(30.0, 1249033.0)	(31.0, 1504569.0)	(32.0, 1796926.0)	(33.0, 2143379.0)	(34.0, 2564726.0)	(35.0, 3114939.0)	(36.0, 3866620.0)	(37.0, 5085778.0)	(38.0, 7525000.0)	(39.0, 15364944.0)	(40.0, 61401176.0)								
DRR076639_2	(10.0, 15.0)	(11.0, 2210.0)	(12.0, 74238.0)	(13.0, 523101.0)	(14.0, 1263745.0)	(15.0, 1248696.0)	(16.0, 863554.0)	(17.0, 649766.0)	(18.0, 558063.0)	(19.0, 530941.0)	(20.0, 553648.0)	(21.0, 613868.0)	(22.0, 699175.0)	(23.0, 805567.0)	(24.0, 926171.0)	(25.0, 1065640.0)	(26.0, 1219017.0)	(27.0, 1391070.0)	(28.0, 1591594.0)	(29.0, 1820944.0)	(30.0, 2098600.0)	(31.0, 2441225.0)	(32.0, 2864747.0)	(33.0, 3388457.0)	(34.0, 4043179.0)	(35.0, 4911729.0)	(36.0, 6125015.0)	(37.0, 7932396.0)	(38.0, 11008536.0)	(39.0, 19509815.0)	(40.0, 29072141.0)							
DRR076640_1	(12.0, 126.0)	(13.0, 342.0)	(14.0, 489.0)	(15.0, 740.0)	(16.0, 1563.0)	(17.0, 4057.0)	(18.0, 11185.0)	(19.0, 26290.0)	(20.0, 52232.0)	(21.0, 88081.0)	(22.0, 136484.0)	(23.0, 199914.0)	(24.0, 281180.0)	(25.0, 383647.0)	(26.0, 510455.0)	(27.0, 661158.0)	(28.0, 838578.0)	(29.0, 1036635.0)	(30.0, 1265055.0)	(31.0, 1522329.0)	(32.0, 1824757.0)	(33.0, 2180291.0)	(34.0, 2608643.0)	(35.0, 3160056.0)	(36.0, 3927631.0)	(37.0, 5148676.0)	(38.0, 7597297.0)	(39.0, 15400334.0)	(40.0, 60749138.0)									
DRR076640_2	(10.0, 23.0)	(11.0, 3298.0)	(12.0, 108334.0)	(13.0, 687930.0)	(14.0, 1365116.0)	(15.0, 1148197.0)	(16.0, 770013.0)	(17.0, 601792.0)	(18.0, 529548.0)	(19.0, 502837.0)	(20.0, 520021.0)	(21.0, 573547.0)	(22.0, 654291.0)	(23.0, 753378.0)	(24.0, 871613.0)	(25.0, 1003297.0)	(26.0, 1156656.0)	(27.0, 1326508.0)	(28.0, 1522430.0)	(29.0, 1754593.0)	(30.0, 2038851.0)	(31.0, 2385594.0)	(32.0, 2804198.0)	(33.0, 3298123.0)	(34.0, 3910983.0)	(35.0, 4729424.0)	(36.0, 5894780.0)	(37.0, 7664518.0)	(38.0, 10735376.0)	(39.0, 19204485.0)	(40.0, 31097609.0)							
DRR076641_1	(11.0, 2.0)	(12.0, 129.0)	(13.0, 330.0)	(14.0, 499.0)	(15.0, 744.0)	(16.0, 1481.0)	(17.0, 4139.0)	(18.0, 11417.0)	(19.0, 27399.0)	(20.0, 53431.0)	(21.0, 89931.0)	(22.0, 138375.0)	(23.0, 202001.0)	(24.0, 284078.0)	(25.0, 390158.0)	(26.0, 518750.0)	(27.0, 672676.0)	(28.0, 851234.0)	(29.0, 1053466.0)	(30.0, 1282112.0)	(31.0, 1541763.0)	(32.0, 1839786.0)	(33.0, 2196382.0)	(34.0, 2636056.0)	(35.0, 3197758.0)	(36.0, 3999825.0)	(37.0, 5307528.0)	(38.0, 7996322.0)	(39.0, 16203533.0)	(40.0, 59461283.0)								
DRR076641_2	(10.0, 16.0)	(11.0, 3355.0)	(12.0, 110893.0)	(13.0, 679147.0)	(14.0, 1283397.0)	(15.0, 1083872.0)	(16.0, 756213.0)	(17.0, 599280.0)	(18.0, 533210.0)	(19.0, 513686.0)	(20.0, 535347.0)	(21.0, 587999.0)	(22.0, 667192.0)	(23.0, 765855.0)	(24.0, 876977.0)	(25.0, 1005216.0)	(26.0, 1151380.0)	(27.0, 1316539.0)	(28.0, 1511026.0)	(29.0, 1737314.0)	(30.0, 2010804.0)	(31.0, 2340984.0)	(32.0, 2747507.0)	(33.0, 3251595.0)	(34.0, 3880841.0)	(35.0, 4707304.0)	(36.0, 5844416.0)	(37.0, 7512377.0)	(38.0, 10517714.0)	(39.0, 19587607.0)	(40.0, 31843525.0)							
DRR076642_1	(12.0, 118.0)	(13.0, 315.0)	(14.0, 421.0)	(15.0, 613.0)	(16.0, 1533.0)	(17.0, 4194.0)	(18.0, 11569.0)	(19.0, 28109.0)	(20.0, 55087.0)	(21.0, 92561.0)	(22.0, 143931.0)	(23.0, 211824.0)	(24.0, 299608.0)	(25.0, 411491.0)	(26.0, 547730.0)	(27.0, 710599.0)	(28.0, 899155.0)	(29.0, 1110564.0)	(30.0, 1351232.0)	(31.0, 1620126.0)	(32.0, 1925843.0)	(33.0, 2293128.0)	(34.0, 2742084.0)	(35.0, 3325407.0)	(36.0, 4157963.0)	(37.0, 5524423.0)	(38.0, 8359167.0)	(39.0, 17087895.0)	(40.0, 56700298.0)									
DRR076642_2	(10.0, 21.0)	(11.0, 3127.0)	(12.0, 104439.0)	(13.0, 652525.0)	(14.0, 1272152.0)	(15.0, 1092498.0)	(16.0, 756062.0)	(17.0, 591097.0)	(18.0, 527171.0)	(19.0, 514397.0)	(20.0, 546233.0)	(21.0, 613454.0)	(22.0, 702914.0)	(23.0, 813393.0)	(24.0, 937974.0)	(25.0, 1082559.0)	(26.0, 1239455.0)	(27.0, 1418355.0)	(28.0, 1623812.0)	(29.0, 1865732.0)	(30.0, 2156574.0)	(31.0, 2511409.0)	(32.0, 2948759.0)	(33.0, 3481824.0)	(34.0, 4144224.0)	(35.0, 5007684.0)	(36.0, 6191313.0)	(37.0, 7878218.0)	(38.0, 10633715.0)	(39.0, 18459992.0)	(40.0, 29845906.0)							
DRR076643_1	(11.0, 1.0)	(12.0, 118.0)	(13.0, 321.0)	(14.0, 505.0)	(15.0, 693.0)	(16.0, 1402.0)	(17.0, 3974.0)	(18.0, 10822.0)	(19.0, 25528.0)	(20.0, 48809.0)	(21.0, 80503.0)	(22.0, 123146.0)	(23.0, 177543.0)	(24.0, 248838.0)	(25.0, 340224.0)	(26.0, 452588.0)	(27.0, 591795.0)	(28.0, 753429.0)	(29.0, 941106.0)	(30.0, 1156829.0)	(31.0, 1403007.0)	(32.0, 1688440.0)	(33.0, 2029692.0)	(34.0, 2442902.0)	(35.0, 2975711.0)	(36.0, 3726717.0)	(37.0, 4941013.0)	(38.0, 7361777.0)	(39.0, 14967709.0)	(40.0, 62442558.0)								
DRR076643_2	(10.0, 25.0)	(11.0, 9316.0)	(12.0, 227456.0)	(13.0, 979457.0)	(14.0, 1261017.0)	(15.0, 898317.0)	(16.0, 646377.0)	(17.0, 523718.0)	(18.0, 448795.0)	(19.0, 403404.0)	(20.0, 393274.0)	(21.0, 413230.0)	(22.0, 460729.0)	(23.0, 526991.0)	(24.0, 610625.0)	(25.0, 711119.0)	(26.0, 828688.0)	(27.0, 963573.0)	(28.0, 1123985.0)	(29.0, 1314592.0)	(30.0, 1550945.0)	(31.0, 1835897.0)	(32.0, 2179917.0)	(33.0, 2594377.0)	(34.0, 3120675.0)	(35.0, 3835224.0)	(36.0, 4904799.0)	(37.0, 6709167.0)	(38.0, 10495661.0)	(39.0, 21994158.0)	(40.0, 36972192.0)							
