Sample	0	1	2	3	4	5	6	7	8	9	10	11	12	13	14	15	16	17	18	19	20	21	22	23	24	25	26	27	28	29	30	31	32	33	34	35	36	37	38
ERR579122_1	(2.0, 52.0)	(3.0, 59.0)	(4.0, 132.0)	(5.0, 350.0)	(6.0, 762.0)	(7.0, 2078.0)	(8.0, 5386.0)	(9.0, 11396.0)	(10.0, 17660.0)	(11.0, 22245.0)	(12.0, 25804.0)	(13.0, 29762.0)	(14.0, 33545.0)	(15.0, 37691.0)	(16.0, 43368.0)	(17.0, 49461.0)	(18.0, 55110.0)	(19.0, 61127.0)	(20.0, 67327.0)	(21.0, 76269.0)	(22.0, 89126.0)	(23.0, 107899.0)	(24.0, 134686.0)	(25.0, 173252.0)	(26.0, 224577.0)	(27.0, 290959.0)	(28.0, 378992.0)	(29.0, 498231.0)	(30.0, 658311.0)	(31.0, 879480.0)	(32.0, 1196057.0)	(33.0, 1658692.0)	(34.0, 2355410.0)	(35.0, 3526076.0)	(36.0, 6063835.0)	(37.0, 11068523.0)	(38.0, 7515295.0)	(39.0, 9069.0)	
ERR579122_2	(2.0, 622027.0)	(3.0, 90929.0)	(4.0, 67495.0)	(5.0, 61343.0)	(6.0, 59609.0)	(7.0, 61958.0)	(8.0, 64218.0)	(9.0, 69940.0)	(10.0, 75672.0)	(11.0, 77985.0)	(12.0, 77958.0)	(13.0, 79654.0)	(14.0, 82944.0)	(15.0, 86677.0)	(16.0, 89311.0)	(17.0, 92392.0)	(18.0, 95828.0)	(19.0, 99785.0)	(20.0, 106693.0)	(21.0, 118185.0)	(22.0, 135756.0)	(23.0, 161959.0)	(24.0, 197287.0)	(25.0, 241317.0)	(26.0, 294575.0)	(27.0, 361449.0)	(28.0, 443709.0)	(29.0, 552614.0)	(30.0, 698734.0)	(31.0, 909213.0)	(32.0, 1209731.0)	(33.0, 1647332.0)	(34.0, 2272618.0)	(35.0, 3290338.0)	(36.0, 5534391.0)	(37.0, 10300379.0)	(38.0, 6922052.0)	(39.0, 13997.0)	
ERR579123_1	(2.0, 28.0)	(3.0, 41.0)	(4.0, 79.0)	(5.0, 185.0)	(6.0, 388.0)	(7.0, 1182.0)	(8.0, 3146.0)	(9.0, 7278.0)	(10.0, 12534.0)	(11.0, 16562.0)	(12.0, 19374.0)	(13.0, 21878.0)	(14.0, 23861.0)	(15.0, 26474.0)	(16.0, 29710.0)	(17.0, 33107.0)	(18.0, 36893.0)	(19.0, 41128.0)	(20.0, 45309.0)	(21.0, 51020.0)	(22.0, 58729.0)	(23.0, 70213.0)	(24.0, 86641.0)	(25.0, 110249.0)	(26.0, 142377.0)	(27.0, 183614.0)	(28.0, 238624.0)	(29.0, 316872.0)	(30.0, 424786.0)	(31.0, 580864.0)	(32.0, 808584.0)	(33.0, 1165626.0)	(34.0, 1741330.0)	(35.0, 2818584.0)	(36.0, 5460368.0)	(37.0, 12425845.0)	(38.0, 11441937.0)	(39.0, 20984.0)	
ERR579123_2	(2.0, 363734.0)	(3.0, 53328.0)	(4.0, 40846.0)	(5.0, 38152.0)	(6.0, 37077.0)	(7.0, 38168.0)	(8.0, 38678.0)	(9.0, 41321.0)	(10.0, 45887.0)	(11.0, 47336.0)	(12.0, 48066.0)	(13.0, 49841.0)	(14.0, 51962.0)	(15.0, 54887.0)	(16.0, 57166.0)	(17.0, 59912.0)	(18.0, 61745.0)	(19.0, 64475.0)	(20.0, 69705.0)	(21.0, 76791.0)	(22.0, 88547.0)	(23.0, 104888.0)	(24.0, 126064.0)	(25.0, 152040.0)	(26.0, 186599.0)	(27.0, 230497.0)	(28.0, 284337.0)	(29.0, 360052.0)	(30.0, 463748.0)	(31.0, 612940.0)	(32.0, 845984.0)	(33.0, 1196699.0)	(34.0, 1739812.0)	(35.0, 2696453.0)	(36.0, 5128318.0)	(37.0, 12301438.0)	(38.0, 10580607.0)	(39.0, 28304.0)	
ERR579124_1	(2.0, 22.0)	(3.0, 52.0)	(4.0, 53.0)	(5.0, 258.0)	(6.0, 393.0)	(7.0, 962.0)	(8.0, 2592.0)	(9.0, 5808.0)	(10.0, 10650.0)	(11.0, 13367.0)	(12.0, 15658.0)	(13.0, 17283.0)	(14.0, 18992.0)	(15.0, 20575.0)	(16.0, 23636.0)	(17.0, 27007.0)	(18.0, 29950.0)	(19.0, 32678.0)	(20.0, 37310.0)	(21.0, 40009.0)	(22.0, 44973.0)	(23.0, 53710.0)	(24.0, 65083.0)	(25.0, 81862.0)	(26.0, 104246.0)	(27.0, 133491.0)	(28.0, 174384.0)	(29.0, 230230.0)	(30.0, 310825.0)	(31.0, 426270.0)	(32.0, 600593.0)	(33.0, 876138.0)	(34.0, 1342897.0)	(35.0, 2302332.0)	(36.0, 4917071.0)	(37.0, 11775715.0)	(38.0, 9690840.0)	(39.0, 14181.0)	
ERR579124_2	(2.0, 453251.0)	(3.0, 58397.0)	(4.0, 40813.0)	(5.0, 36476.0)	(6.0, 35509.0)	(7.0, 35149.0)	(8.0, 34458.0)	(9.0, 36464.0)	(10.0, 39625.0)	(11.0, 40779.0)	(12.0, 41095.0)	(13.0, 41498.0)	(14.0, 42901.0)	(15.0, 44486.0)	(16.0, 45341.0)	(17.0, 47005.0)	(18.0, 48462.0)	(19.0, 50785.0)	(20.0, 55188.0)	(21.0, 61081.0)	(22.0, 69976.0)	(23.0, 83395.0)	(24.0, 101120.0)	(25.0, 121758.0)	(26.0, 150214.0)	(27.0, 184478.0)	(28.0, 229749.0)	(29.0, 290708.0)	(30.0, 374980.0)	(31.0, 502058.0)	(32.0, 694003.0)	(33.0, 990525.0)	(34.0, 1463153.0)	(35.0, 2362604.0)	(36.0, 4793029.0)	(37.0, 11337689.0)	(38.0, 8387201.0)	(39.0, 16693.0)	
ERR579125_1	(2.0, 42.0)	(3.0, 89.0)	(4.0, 161.0)	(5.0, 437.0)	(6.0, 1032.0)	(7.0, 2827.0)	(8.0, 7200.0)	(9.0, 13956.0)	(10.0, 21065.0)	(11.0, 26421.0)	(12.0, 30989.0)	(13.0, 35884.0)	(14.0, 40583.0)	(15.0, 45807.0)	(16.0, 51982.0)	(17.0, 58774.0)	(18.0, 65300.0)	(19.0, 72657.0)	(20.0, 79652.0)	(21.0, 91479.0)	(22.0, 107393.0)	(23.0, 130483.0)	(24.0, 164724.0)	(25.0, 212031.0)	(26.0, 274432.0)	(27.0, 355315.0)	(28.0, 460153.0)	(29.0, 597004.0)	(30.0, 781511.0)	(31.0, 1033965.0)	(32.0, 1385215.0)	(33.0, 1890058.0)	(34.0, 2624028.0)	(35.0, 3837699.0)	(36.0, 6352785.0)	(37.0, 10757888.0)	(38.0, 6218075.0)	(39.0, 5428.0)	
ERR579125_2	(2.0, 664771.0)	(3.0, 94925.0)	(4.0, 72821.0)	(5.0, 63336.0)	(6.0, 61241.0)	(7.0, 65116.0)	(8.0, 68820.0)	(9.0, 75005.0)	(10.0, 82192.0)	(11.0, 86377.0)	(12.0, 87340.0)	(13.0, 89092.0)	(14.0, 92781.0)	(15.0, 96612.0)	(16.0, 100261.0)	(17.0, 102139.0)	(18.0, 105028.0)	(19.0, 106661.0)	(20.0, 112371.0)	(21.0, 123407.0)	(22.0, 142161.0)	(23.0, 170514.0)	(24.0, 208164.0)	(25.0, 259584.0)	(26.0, 323719.0)	(27.0, 403470.0)	(28.0, 500602.0)	(29.0, 620330.0)	(30.0, 767613.0)	(31.0, 974788.0)	(32.0, 1293840.0)	(33.0, 1764522.0)	(34.0, 2421744.0)	(35.0, 3463017.0)	(36.0, 5714096.0)	(37.0, 10269559.0)	(38.0, 6176074.0)	(39.0, 10431.0)	
ERR579126_1	(2.0, 38.0)	(3.0, 60.0)	(4.0, 127.0)	(5.0, 323.0)	(6.0, 673.0)	(7.0, 1753.0)	(8.0, 4646.0)	(9.0, 9571.0)	(10.0, 15604.0)	(11.0, 19570.0)	(12.0, 23183.0)	(13.0, 25977.0)	(14.0, 29552.0)	(15.0, 32512.0)	(16.0, 37423.0)	(17.0, 42271.0)	(18.0, 47275.0)	(19.0, 52406.0)	(20.0, 57996.0)	(21.0, 65452.0)	(22.0, 76586.0)	(23.0, 92745.0)	(24.0, 114479.0)	(25.0, 146129.0)	(26.0, 187360.0)	(27.0, 241997.0)	(28.0, 311510.0)	(29.0, 409036.0)	(30.0, 536166.0)	(31.0, 713857.0)	(32.0, 964124.0)	(33.0, 1334366.0)	(34.0, 1915430.0)	(35.0, 2976218.0)	(36.0, 5531944.0)	(37.0, 11226500.0)	(38.0, 7992848.0)	(39.0, 11276.0)	
ERR579126_2	(2.0, 589980.0)	(3.0, 78507.0)	(4.0, 55907.0)	(5.0, 50304.0)	(6.0, 48368.0)	(7.0, 50010.0)	(8.0, 51447.0)	(9.0, 54105.0)	(10.0, 58825.0)	(11.0, 59676.0)	(12.0, 60600.0)	(13.0, 61977.0)	(14.0, 64377.0)	(15.0, 67501.0)	(16.0, 69897.0)	(17.0, 73237.0)	(18.0, 75391.0)	(19.0, 77889.0)	(20.0, 83400.0)	(21.0, 91601.0)	(22.0, 104800.0)	(23.0, 124436.0)	(24.0, 150507.0)	(25.0, 183529.0)	(26.0, 223746.0)	(27.0, 275501.0)	(28.0, 341462.0)	(29.0, 426924.0)	(30.0, 544254.0)	(31.0, 711925.0)	(32.0, 958279.0)	(33.0, 1325212.0)	(34.0, 1871591.0)	(35.0, 2821064.0)	(36.0, 5164078.0)	(37.0, 10949543.0)	(38.0, 7234018.0)	(39.0, 15115.0)	
ERR579127_1	(2.0, 29.0)	(3.0, 58.0)	(4.0, 134.0)	(5.0, 306.0)	(6.0, 692.0)	(7.0, 1889.0)	(8.0, 4981.0)	(9.0, 10583.0)	(10.0, 17170.0)	(11.0, 21881.0)	(12.0, 26032.0)	(13.0, 29169.0)	(14.0, 32598.0)	(15.0, 36442.0)	(16.0, 41638.0)	(17.0, 47392.0)	(18.0, 52466.0)	(19.0, 57416.0)	(20.0, 63870.0)	(21.0, 70760.0)	(22.0, 82792.0)	(23.0, 99826.0)	(24.0, 124357.0)	(25.0, 158245.0)	(26.0, 203736.0)	(27.0, 263211.0)	(28.0, 338410.0)	(29.0, 441338.0)	(30.0, 581171.0)	(31.0, 770378.0)	(32.0, 1045483.0)	(33.0, 1453464.0)	(34.0, 2090074.0)	(35.0, 3254859.0)	(36.0, 6015977.0)	(37.0, 12568175.0)	(38.0, 10186917.0)	(39.0, 19156.0)	
ERR579127_2	(2.0, 662783.0)	(3.0, 85497.0)	(4.0, 59880.0)	(5.0, 53442.0)	(6.0, 50694.0)	(7.0, 52331.0)	(8.0, 52501.0)	(9.0, 55892.0)	(10.0, 60369.0)	(11.0, 62254.0)	(12.0, 62616.0)	(13.0, 64024.0)	(14.0, 67945.0)	(15.0, 71600.0)	(16.0, 75128.0)	(17.0, 77783.0)	(18.0, 80560.0)	(19.0, 84189.0)	(20.0, 89254.0)	(21.0, 98675.0)	(22.0, 112090.0)	(23.0, 133716.0)	(24.0, 159790.0)	(25.0, 193595.0)	(26.0, 235948.0)	(27.0, 287902.0)	(28.0, 356241.0)	(29.0, 443870.0)	(30.0, 563743.0)	(31.0, 736215.0)	(32.0, 992373.0)	(33.0, 1380388.0)	(34.0, 1963289.0)	(35.0, 2946961.0)	(36.0, 5336878.0)	(37.0, 12177251.0)	(38.0, 10200298.0)	(39.0, 25110.0)	
ERR579128_1	(2.0, 29.0)	(3.0, 35.0)	(4.0, 41.0)	(5.0, 118.0)	(6.0, 276.0)	(7.0, 666.0)	(8.0, 1686.0)	(9.0, 3166.0)	(10.0, 5213.0)	(11.0, 6846.0)	(12.0, 8507.0)	(13.0, 10603.0)	(14.0, 12225.0)	(15.0, 14205.0)	(16.0, 16371.0)	(17.0, 18581.0)	(18.0, 21844.0)	(19.0, 25725.0)	(20.0, 29942.0)	(21.0, 36348.0)	(22.0, 44433.0)	(23.0, 56177.0)	(24.0, 73849.0)	(25.0, 100715.0)	(26.0, 153637.0)	(27.0, 282864.0)	(28.0, 231834.0)	(29.0, 159835.0)	(30.0, 202563.0)	(31.0, 260735.0)	(32.0, 340905.0)	(33.0, 456171.0)	(34.0, 615349.0)	(35.0, 916715.0)	(36.0, 2125259.0)	(37.0, 5882698.0)	(38.0, 4601331.0)	(39.0, 14123.0)	
ERR579128_2	(2.0, 735607.0)	(3.0, 68180.0)	(4.0, 29499.0)	(5.0, 26535.0)	(6.0, 26102.0)	(7.0, 27025.0)	(8.0, 26538.0)	(9.0, 27094.0)	(10.0, 28406.0)	(11.0, 28986.0)	(12.0, 29564.0)	(13.0, 30994.0)	(14.0, 32333.0)	(15.0, 33557.0)	(16.0, 33977.0)	(17.0, 34495.0)	(18.0, 35397.0)	(19.0, 36804.0)	(20.0, 39410.0)	(21.0, 42764.0)	(22.0, 48205.0)	(23.0, 57428.0)	(24.0, 68954.0)	(25.0, 85475.0)	(26.0, 93143.0)	(27.0, 111028.0)	(28.0, 132760.0)	(29.0, 163206.0)	(30.0, 203394.0)	(31.0, 258238.0)	(32.0, 339830.0)	(33.0, 457323.0)	(34.0, 621040.0)	(35.0, 911386.0)	(36.0, 1770510.0)	(37.0, 4851322.0)	(38.0, 5168829.0)	(39.0, 16282.0)	
ERR579129_1	(2.0, 22.0)	(3.0, 45.0)	(4.0, 96.0)	(5.0, 286.0)	(6.0, 612.0)	(7.0, 1666.0)	(8.0, 4402.0)	(9.0, 9250.0)	(10.0, 15804.0)	(11.0, 20471.0)	(12.0, 23808.0)	(13.0, 27267.0)	(14.0, 29942.0)	(15.0, 33449.0)	(16.0, 38697.0)	(17.0, 43727.0)	(18.0, 48763.0)	(19.0, 53696.0)	(20.0, 59246.0)	(21.0, 65838.0)	(22.0, 76252.0)	(23.0, 91823.0)	(24.0, 114374.0)	(25.0, 145709.0)	(26.0, 188985.0)	(27.0, 244801.0)	(28.0, 316959.0)	(29.0, 415358.0)	(30.0, 550712.0)	(31.0, 738175.0)	(32.0, 1015690.0)	(33.0, 1429571.0)	(34.0, 2097437.0)	(35.0, 3354697.0)	(36.0, 6411579.0)	(37.0, 13669463.0)	(38.0, 10588703.0)	(39.0, 16117.0)	
ERR579129_2	(2.0, 664635.0)	(3.0, 86454.0)	(4.0, 61982.0)	(5.0, 54836.0)	(6.0, 52259.0)	(7.0, 52976.0)	(8.0, 53883.0)	(9.0, 57144.0)	(10.0, 61672.0)	(11.0, 63190.0)	(12.0, 62486.0)	(13.0, 65215.0)	(14.0, 67951.0)	(15.0, 71102.0)	(16.0, 74567.0)	(17.0, 77572.0)	(18.0, 80694.0)	(19.0, 82968.0)	(20.0, 89072.0)	(21.0, 98359.0)	(22.0, 112608.0)	(23.0, 132112.0)	(24.0, 158614.0)	(25.0, 192637.0)	(26.0, 233995.0)	(27.0, 285937.0)	(28.0, 352814.0)	(29.0, 441236.0)	(30.0, 562437.0)	(31.0, 735823.0)	(32.0, 999210.0)	(33.0, 1397347.0)	(34.0, 2002513.0)	(35.0, 3045316.0)	(36.0, 5655214.0)	(37.0, 13146259.0)	(38.0, 10490462.0)	(39.0, 19941.0)	
ERR579130_1	(4.0, 12317.0)	(5.0, 1301.0)	(6.0, 1717.0)	(7.0, 2631.0)	(8.0, 4698.0)	(9.0, 8484.0)	(10.0, 14362.0)	(11.0, 20267.0)	(12.0, 27240.0)	(13.0, 34755.0)	(14.0, 42898.0)	(15.0, 51146.0)	(16.0, 58696.0)	(17.0, 68396.0)	(18.0, 81078.0)	(19.0, 96210.0)	(20.0, 113728.0)	(21.0, 132976.0)	(22.0, 153289.0)	(23.0, 180612.0)	(24.0, 216825.0)	(25.0, 263424.0)	(26.0, 327535.0)	(27.0, 410226.0)	(28.0, 416517.0)	(29.0, 416497.0)	(30.0, 505040.0)	(31.0, 619635.0)	(32.0, 770767.0)	(33.0, 980284.0)	(34.0, 1301892.0)	(35.0, 1811724.0)	(36.0, 2589578.0)	(37.0, 3238974.0)	(38.0, 1870411.0)	(39.0, 131889.0)	(40.0, 6.0)		
ERR579130_2	(4.0, 355527.0)	(5.0, 72123.0)	(6.0, 32716.0)	(7.0, 32130.0)	(8.0, 54627.0)	(9.0, 48450.0)	(10.0, 45249.0)	(11.0, 49286.0)	(12.0, 52575.0)	(13.0, 55176.0)	(14.0, 62839.0)	(15.0, 73827.0)	(16.0, 80886.0)	(17.0, 87282.0)	(18.0, 94296.0)	(19.0, 104989.0)	(20.0, 116507.0)	(21.0, 132461.0)	(22.0, 151764.0)	(23.0, 177776.0)	(24.0, 216264.0)	(25.0, 279331.0)	(26.0, 267944.0)	(27.0, 280349.0)	(28.0, 331377.0)	(29.0, 400802.0)	(30.0, 485527.0)	(31.0, 595451.0)	(32.0, 740468.0)	(33.0, 947014.0)	(34.0, 1261506.0)	(35.0, 1746908.0)	(36.0, 2470501.0)	(37.0, 3057392.0)	(38.0, 1852993.0)	(39.0, 163692.0)	(40.0, 20.0)		
ERR579131_1	(2.0, 26.0)	(3.0, 36.0)	(4.0, 77.0)	(5.0, 149.0)	(6.0, 334.0)	(7.0, 859.0)	(8.0, 2364.0)	(9.0, 5715.0)	(10.0, 9833.0)	(11.0, 12875.0)	(12.0, 14804.0)	(13.0, 16723.0)	(14.0, 18273.0)	(15.0, 20088.0)	(16.0, 22730.0)	(17.0, 25357.0)	(18.0, 28294.0)	(19.0, 31776.0)	(20.0, 36168.0)	(21.0, 38811.0)	(22.0, 43977.0)	(23.0, 52325.0)	(24.0, 63638.0)	(25.0, 80577.0)	(26.0, 103670.0)	(27.0, 133721.0)	(28.0, 171370.0)	(29.0, 225874.0)	(30.0, 300465.0)	(31.0, 409697.0)	(32.0, 573107.0)	(33.0, 823941.0)	(34.0, 1249287.0)	(35.0, 2114877.0)	(36.0, 4489118.0)	(37.0, 11330230.0)	(38.0, 10548484.0)	(39.0, 18801.0)	
ERR579131_2	(2.0, 464665.0)	(3.0, 58980.0)	(4.0, 41133.0)	(5.0, 37104.0)	(6.0, 35367.0)	(7.0, 35228.0)	(8.0, 34314.0)	(9.0, 35838.0)	(10.0, 38583.0)	(11.0, 39568.0)	(12.0, 39757.0)	(13.0, 41030.0)	(14.0, 42508.0)	(15.0, 44562.0)	(16.0, 46111.0)	(17.0, 48138.0)	(18.0, 49566.0)	(19.0, 51199.0)	(20.0, 54981.0)	(21.0, 60622.0)	(22.0, 68821.0)	(23.0, 81648.0)	(24.0, 97934.0)	(25.0, 118325.0)	(26.0, 144432.0)	(27.0, 176018.0)	(28.0, 215883.0)	(29.0, 270956.0)	(30.0, 347616.0)	(31.0, 460143.0)	(32.0, 631461.0)	(33.0, 898842.0)	(34.0, 1316348.0)	(35.0, 2093162.0)	(36.0, 4236463.0)	(37.0, 10989484.0)	(38.0, 9547878.0)	(39.0, 23783.0)	
ERR579132_1	(2.0, 20.0)	(3.0, 24.0)	(4.0, 71.0)	(5.0, 222.0)	(6.0, 418.0)	(7.0, 1138.0)	(8.0, 3225.0)	(9.0, 7446.0)	(10.0, 13025.0)	(11.0, 16679.0)	(12.0, 19273.0)	(13.0, 21449.0)	(14.0, 23763.0)	(15.0, 26506.0)	(16.0, 30364.0)	(17.0, 35298.0)	(18.0, 37822.0)	(19.0, 40750.0)	(20.0, 45541.0)	(21.0, 50706.0)	(22.0, 58858.0)	(23.0, 70044.0)	(24.0, 86423.0)	(25.0, 110009.0)	(26.0, 141512.0)	(27.0, 184132.0)	(28.0, 241767.0)	(29.0, 320437.0)	(30.0, 430502.0)	(31.0, 584871.0)	(32.0, 817308.0)	(33.0, 1166319.0)	(34.0, 1730253.0)	(35.0, 2770851.0)	(36.0, 5290636.0)	(37.0, 11902274.0)	(38.0, 10486203.0)	(39.0, 16002.0)	
ERR579132_2	(2.0, 493930.0)	(3.0, 63868.0)	(4.0, 45683.0)	(5.0, 40698.0)	(6.0, 39593.0)	(7.0, 40180.0)	(8.0, 40856.0)	(9.0, 43801.0)	(10.0, 47521.0)	(11.0, 49382.0)	(12.0, 49345.0)	(13.0, 50832.0)	(14.0, 53629.0)	(15.0, 55823.0)	(16.0, 57998.0)	(17.0, 60278.0)	(18.0, 62889.0)	(19.0, 65785.0)	(20.0, 70514.0)	(21.0, 77803.0)	(22.0, 89348.0)	(23.0, 106211.0)	(24.0, 127902.0)	(25.0, 155588.0)	(26.0, 191410.0)	(27.0, 235616.0)	(28.0, 289616.0)	(29.0, 365001.0)	(30.0, 470532.0)	(31.0, 623894.0)	(32.0, 854767.0)	(33.0, 1207761.0)	(34.0, 1757675.0)	(35.0, 2719834.0)	(36.0, 5087814.0)	(37.0, 11566792.0)	(38.0, 9399012.0)	(39.0, 22960.0)	
ERR579133_1	(2.0, 72.0)	(3.0, 136.0)	(4.0, 219.0)	(5.0, 609.0)	(6.0, 1376.0)	(7.0, 3635.0)	(8.0, 8867.0)	(9.0, 17440.0)	(10.0, 26694.0)	(11.0, 33056.0)	(12.0, 38367.0)	(13.0, 44650.0)	(14.0, 50034.0)	(15.0, 56909.0)	(16.0, 63877.0)	(17.0, 72779.0)	(18.0, 81498.0)	(19.0, 90099.0)	(20.0, 100397.0)	(21.0, 112948.0)	(22.0, 133569.0)	(23.0, 163653.0)	(24.0, 206602.0)	(25.0, 266071.0)	(26.0, 344033.0)	(27.0, 445804.0)	(28.0, 579183.0)	(29.0, 752848.0)	(30.0, 978640.0)	(31.0, 1286154.0)	(32.0, 1706726.0)	(33.0, 2293318.0)	(34.0, 3139934.0)	(35.0, 4530425.0)	(36.0, 7446908.0)	(37.0, 12485396.0)	(38.0, 7188211.0)	(39.0, 6905.0)	
ERR579133_2	(2.0, 891271.0)	(3.0, 124023.0)	(4.0, 95686.0)	(5.0, 83693.0)	(6.0, 80808.0)	(7.0, 84460.0)	(8.0, 90024.0)	(9.0, 97591.0)	(10.0, 105626.0)	(11.0, 109736.0)	(12.0, 110788.0)	(13.0, 113301.0)	(14.0, 118523.0)	(15.0, 123373.0)	(16.0, 127129.0)	(17.0, 130285.0)	(18.0, 132793.0)	(19.0, 135708.0)	(20.0, 142907.0)	(21.0, 156387.0)	(22.0, 178838.0)	(23.0, 216298.0)	(24.0, 265207.0)	(25.0, 328952.0)	(26.0, 409086.0)	(27.0, 505621.0)	(28.0, 624321.0)	(29.0, 767931.0)	(30.0, 945907.0)	(31.0, 1190075.0)	(32.0, 1567989.0)	(33.0, 2113332.0)	(34.0, 2866844.0)	(35.0, 4028430.0)	(36.0, 6625129.0)	(37.0, 11993867.0)	(38.0, 7063720.0)	(39.0, 12383.0)	
ERR579134_1	(2.0, 24.0)	(3.0, 36.0)	(4.0, 56.0)	(5.0, 175.0)	(6.0, 387.0)	(7.0, 969.0)	(8.0, 2715.0)	(9.0, 5913.0)	(10.0, 10676.0)	(11.0, 13740.0)	(12.0, 15780.0)	(13.0, 17569.0)	(14.0, 19375.0)	(15.0, 21182.0)	(16.0, 23825.0)	(17.0, 27240.0)	(18.0, 30846.0)	(19.0, 33545.0)	(20.0, 38258.0)	(21.0, 41464.0)	(22.0, 47591.0)	(23.0, 56071.0)	(24.0, 68504.0)	(25.0, 87095.0)	(26.0, 111971.0)	(27.0, 142993.0)	(28.0, 186183.0)	(29.0, 244816.0)	(30.0, 325059.0)	(31.0, 438370.0)	(32.0, 605188.0)	(33.0, 858060.0)	(34.0, 1278713.0)	(35.0, 2120447.0)	(36.0, 4448771.0)	(37.0, 11139935.0)	(38.0, 10099323.0)	(39.0, 15471.0)	
ERR579134_2	(2.0, 403827.0)	(3.0, 55485.0)	(4.0, 39819.0)	(5.0, 36551.0)	(6.0, 34867.0)	(7.0, 35341.0)	(8.0, 34162.0)	(9.0, 36347.0)	(10.0, 39266.0)	(11.0, 40417.0)	(12.0, 40472.0)	(13.0, 41299.0)	(14.0, 42837.0)	(15.0, 43995.0)	(16.0, 45531.0)	(17.0, 47058.0)	(18.0, 48516.0)	(19.0, 50314.0)	(20.0, 53860.0)	(21.0, 59506.0)	(22.0, 67952.0)	(23.0, 80564.0)	(24.0, 96905.0)	(25.0, 118695.0)	(26.0, 143464.0)	(27.0, 175453.0)	(28.0, 215930.0)	(29.0, 270325.0)	(30.0, 347682.0)	(31.0, 457221.0)	(32.0, 626342.0)	(33.0, 885280.0)	(34.0, 1293040.0)	(35.0, 2051069.0)	(36.0, 4184998.0)	(37.0, 10974969.0)	(38.0, 9338285.0)	(39.0, 20692.0)	
ERR579135_1	(2.0, 41.0)	(3.0, 33.0)	(4.0, 86.0)	(5.0, 203.0)	(6.0, 441.0)	(7.0, 996.0)	(8.0, 2537.0)	(9.0, 5930.0)	(10.0, 10669.0)	(11.0, 13877.0)	(12.0, 16193.0)	(13.0, 18156.0)	(14.0, 19649.0)	(15.0, 22138.0)	(16.0, 24835.0)	(17.0, 28060.0)	(18.0, 31141.0)	(19.0, 34014.0)	(20.0, 37622.0)	(21.0, 41696.0)	(22.0, 48153.0)	(23.0, 57439.0)	(24.0, 70054.0)	(25.0, 88935.0)	(26.0, 113750.0)	(27.0, 146939.0)	(28.0, 187459.0)	(29.0, 247342.0)	(30.0, 330315.0)	(31.0, 450703.0)	(32.0, 632586.0)	(33.0, 916145.0)	(34.0, 1392653.0)	(35.0, 2349833.0)	(36.0, 4902734.0)	(37.0, 12097155.0)	(38.0, 10760186.0)	(39.0, 16746.0)	
ERR579135_2	(2.0, 666032.0)	(3.0, 73371.0)	(4.0, 47102.0)	(5.0, 41367.0)	(6.0, 39155.0)	(7.0, 38187.0)	(8.0, 36731.0)	(9.0, 38128.0)	(10.0, 41069.0)	(11.0, 42419.0)	(12.0, 42122.0)	(13.0, 42898.0)	(14.0, 44574.0)	(15.0, 46332.0)	(16.0, 48082.0)	(17.0, 49804.0)	(18.0, 51622.0)	(19.0, 53594.0)	(20.0, 57414.0)	(21.0, 63404.0)	(22.0, 73134.0)	(23.0, 85981.0)	(24.0, 104026.0)	(25.0, 125893.0)	(26.0, 153047.0)	(27.0, 188095.0)	(28.0, 233535.0)	(29.0, 295077.0)	(30.0, 379180.0)	(31.0, 504488.0)	(32.0, 694969.0)	(33.0, 993861.0)	(34.0, 1467007.0)	(35.0, 2338130.0)	(36.0, 4747612.0)	(37.0, 12000848.0)	(38.0, 9151010.0)	(39.0, 18144.0)	
ERR579136_1	(2.0, 38.0)	(3.0, 37.0)	(4.0, 73.0)	(5.0, 227.0)	(6.0, 468.0)	(7.0, 1079.0)	(8.0, 3024.0)	(9.0, 6846.0)	(10.0, 12341.0)	(11.0, 15823.0)	(12.0, 18488.0)	(13.0, 20739.0)	(14.0, 22872.0)	(15.0, 25071.0)	(16.0, 27914.0)	(17.0, 32208.0)	(18.0, 35486.0)	(19.0, 38552.0)	(20.0, 42624.0)	(21.0, 47891.0)	(22.0, 55044.0)	(23.0, 65436.0)	(24.0, 80677.0)	(25.0, 102769.0)	(26.0, 130552.0)	(27.0, 169834.0)	(28.0, 223631.0)	(29.0, 298565.0)	(30.0, 403584.0)	(31.0, 555253.0)	(32.0, 786793.0)	(33.0, 1143084.0)	(34.0, 1721010.0)	(35.0, 2801590.0)	(36.0, 5443235.0)	(37.0, 12077471.0)	(38.0, 10465823.0)	(39.0, 16664.0)	
ERR579136_2	(2.0, 497111.0)	(3.0, 61872.0)	(4.0, 43564.0)	(5.0, 39631.0)	(6.0, 38328.0)	(7.0, 38322.0)	(8.0, 38357.0)	(9.0, 40617.0)	(10.0, 44560.0)	(11.0, 46149.0)	(12.0, 46010.0)	(13.0, 47949.0)	(14.0, 49296.0)	(15.0, 51925.0)	(16.0, 53853.0)	(17.0, 56097.0)	(18.0, 58092.0)	(19.0, 60523.0)	(20.0, 64969.0)	(21.0, 72610.0)	(22.0, 83335.0)	(23.0, 99296.0)	(24.0, 119680.0)	(25.0, 145605.0)	(26.0, 179260.0)	(27.0, 221789.0)	(28.0, 275823.0)	(29.0, 350530.0)	(30.0, 452413.0)	(31.0, 603566.0)	(32.0, 834026.0)	(33.0, 1189862.0)	(34.0, 1740571.0)	(35.0, 2715029.0)	(36.0, 5169844.0)	(37.0, 11830641.0)	(38.0, 9411916.0)	(39.0, 19795.0)	
ERR579138_1	(2.0, 23.0)	(3.0, 31.0)	(4.0, 61.0)	(5.0, 213.0)	(6.0, 460.0)	(7.0, 1281.0)	(8.0, 3425.0)	(9.0, 7840.0)	(10.0, 13767.0)	(11.0, 17874.0)	(12.0, 20767.0)	(13.0, 23154.0)	(14.0, 25186.0)	(15.0, 28702.0)	(16.0, 32446.0)	(17.0, 36629.0)	(18.0, 40511.0)	(19.0, 45150.0)	(20.0, 50187.0)	(21.0, 55960.0)	(22.0, 65260.0)	(23.0, 78170.0)	(24.0, 97624.0)	(25.0, 124591.0)	(26.0, 159471.0)	(27.0, 208239.0)	(28.0, 270534.0)	(29.0, 358573.0)	(30.0, 479215.0)	(31.0, 648389.0)	(32.0, 895932.0)	(33.0, 1271651.0)	(34.0, 1871528.0)	(35.0, 2968204.0)	(36.0, 5626193.0)	(37.0, 13093115.0)	(38.0, 12759698.0)	(39.0, 22020.0)	
ERR579138_2	(2.0, 644939.0)	(3.0, 76790.0)	(4.0, 52831.0)	(5.0, 46523.0)	(6.0, 44571.0)	(7.0, 44299.0)	(8.0, 44297.0)	(9.0, 46767.0)	(10.0, 51424.0)	(11.0, 52043.0)	(12.0, 52631.0)	(13.0, 54245.0)	(14.0, 57517.0)	(15.0, 60783.0)	(16.0, 64630.0)	(17.0, 67564.0)	(18.0, 69804.0)	(19.0, 72813.0)	(20.0, 78338.0)	(21.0, 86960.0)	(22.0, 98112.0)	(23.0, 117052.0)	(24.0, 140443.0)	(25.0, 169978.0)	(26.0, 206789.0)	(27.0, 254741.0)	(28.0, 314794.0)	(29.0, 393433.0)	(30.0, 504631.0)	(31.0, 666230.0)	(32.0, 906899.0)	(33.0, 1279001.0)	(34.0, 1852617.0)	(35.0, 2840970.0)	(36.0, 5286484.0)	(37.0, 12751862.0)	(38.0, 11816954.0)	(39.0, 31315.0)	
ERR579139_1	(2.0, 39.0)	(3.0, 37.0)	(4.0, 66.0)	(5.0, 237.0)	(6.0, 471.0)	(7.0, 1180.0)	(8.0, 3141.0)	(9.0, 7120.0)	(10.0, 12825.0)	(11.0, 16021.0)	(12.0, 19137.0)	(13.0, 21382.0)	(14.0, 23457.0)	(15.0, 25668.0)	(16.0, 29702.0)	(17.0, 34756.0)	(18.0, 37164.0)	(19.0, 40908.0)	(20.0, 44875.0)	(21.0, 50220.0)	(22.0, 58043.0)	(23.0, 69513.0)	(24.0, 85356.0)	(25.0, 108671.0)	(26.0, 140287.0)	(27.0, 184241.0)	(28.0, 241067.0)	(29.0, 322131.0)	(30.0, 433810.0)	(31.0, 595328.0)	(32.0, 832568.0)	(33.0, 1197595.0)	(34.0, 1788590.0)	(35.0, 2890538.0)	(36.0, 5596705.0)	(37.0, 12206972.0)	(38.0, 9549107.0)	(39.0, 14073.0)	
ERR579139_2	(2.0, 522821.0)	(3.0, 63527.0)	(4.0, 44843.0)	(5.0, 39415.0)	(6.0, 37907.0)	(7.0, 38572.0)	(8.0, 38936.0)	(9.0, 41090.0)	(10.0, 44976.0)	(11.0, 46624.0)	(12.0, 47008.0)	(13.0, 48014.0)	(14.0, 50760.0)	(15.0, 53286.0)	(16.0, 56274.0)	(17.0, 57970.0)	(18.0, 60295.0)	(19.0, 62634.0)	(20.0, 67524.0)	(21.0, 74853.0)	(22.0, 85449.0)	(23.0, 101758.0)	(24.0, 122977.0)	(25.0, 150931.0)	(26.0, 185930.0)	(27.0, 229263.0)	(28.0, 284758.0)	(29.0, 361417.0)	(30.0, 468746.0)	(31.0, 624004.0)	(32.0, 859475.0)	(33.0, 1222296.0)	(34.0, 1778705.0)	(35.0, 2754451.0)	(36.0, 5220585.0)	(37.0, 11998848.0)	(38.0, 8719129.0)	(39.0, 16950.0)	
ERR579140_1	(2.0, 36.0)	(3.0, 46.0)	(4.0, 81.0)	(5.0, 237.0)	(6.0, 481.0)	(7.0, 1275.0)	(8.0, 3600.0)	(9.0, 8257.0)	(10.0, 14112.0)	(11.0, 17472.0)	(12.0, 21048.0)	(13.0, 23898.0)	(14.0, 26853.0)	(15.0, 30132.0)	(16.0, 34191.0)	(17.0, 38575.0)	(18.0, 42624.0)	(19.0, 47398.0)	(20.0, 52833.0)	(21.0, 58443.0)	(22.0, 66890.0)	(23.0, 79282.0)	(24.0, 99431.0)	(25.0, 126808.0)	(26.0, 165688.0)	(27.0, 216496.0)	(28.0, 282548.0)	(29.0, 374590.0)	(30.0, 503221.0)	(31.0, 681909.0)	(32.0, 947564.0)	(33.0, 1350038.0)	(34.0, 1988588.0)	(35.0, 3195920.0)	(36.0, 6313629.0)	(37.0, 15262167.0)	(38.0, 12992770.0)	(39.0, 16986.0)	
ERR579140_2	(2.0, 814210.0)	(3.0, 94482.0)	(4.0, 61383.0)	(5.0, 53413.0)	(6.0, 50571.0)	(7.0, 50758.0)	(8.0, 50948.0)	(9.0, 52451.0)	(10.0, 57472.0)	(11.0, 59003.0)	(12.0, 60024.0)	(13.0, 60403.0)	(14.0, 63149.0)	(15.0, 65697.0)	(16.0, 68394.0)	(17.0, 71153.0)	(18.0, 73039.0)	(19.0, 76159.0)	(20.0, 83583.0)	(21.0, 91870.0)	(22.0, 105439.0)	(23.0, 125385.0)	(24.0, 150384.0)	(25.0, 183205.0)	(26.0, 222331.0)	(27.0, 272851.0)	(28.0, 336176.0)	(29.0, 422195.0)	(30.0, 541821.0)	(31.0, 711918.0)	(32.0, 964491.0)	(33.0, 1351273.0)	(34.0, 1949837.0)	(35.0, 3001946.0)	(36.0, 5714258.0)	(37.0, 14249297.0)	(38.0, 12695452.0)	(39.0, 29696.0)	
ERR579141_1	(4.0, 13326.0)	(5.0, 1098.0)	(6.0, 1773.0)	(7.0, 2550.0)	(8.0, 4459.0)	(9.0, 7842.0)	(10.0, 13011.0)	(11.0, 18754.0)	(12.0, 25193.0)	(13.0, 30590.0)	(14.0, 34232.0)	(15.0, 39886.0)	(16.0, 46178.0)	(17.0, 52893.0)	(18.0, 60467.0)	(19.0, 69188.0)	(20.0, 77462.0)	(21.0, 87727.0)	(22.0, 99545.0)	(23.0, 116085.0)	(24.0, 140180.0)	(25.0, 171498.0)	(26.0, 212264.0)	(27.0, 266040.0)	(28.0, 324587.0)	(29.0, 371451.0)	(30.0, 452469.0)	(31.0, 560782.0)	(32.0, 703503.0)	(33.0, 909187.0)	(34.0, 1235167.0)	(35.0, 1785757.0)	(36.0, 2688395.0)	(37.0, 3544426.0)	(38.0, 2197976.0)	(39.0, 163984.0)	(40.0, 9.0)		
ERR579141_2	(4.0, 158285.0)	(5.0, 34210.0)	(6.0, 20661.0)	(7.0, 21991.0)	(8.0, 31607.0)	(9.0, 32223.0)	(10.0, 34737.0)	(11.0, 39233.0)	(12.0, 42987.0)	(13.0, 45517.0)	(14.0, 49584.0)	(15.0, 53293.0)	(16.0, 57693.0)	(17.0, 62277.0)	(18.0, 68035.0)	(19.0, 75435.0)	(20.0, 85017.0)	(21.0, 97310.0)	(22.0, 112372.0)	(23.0, 130815.0)	(24.0, 155124.0)	(25.0, 192383.0)	(26.0, 214606.0)	(27.0, 245605.0)	(28.0, 293999.0)	(29.0, 354772.0)	(30.0, 433333.0)	(31.0, 535730.0)	(32.0, 675614.0)	(33.0, 877340.0)	(34.0, 1200247.0)	(35.0, 1732475.0)	(36.0, 2583621.0)	(37.0, 3376302.0)	(38.0, 2187846.0)	(39.0, 217636.0)	(40.0, 19.0)		
ERR579142_1	(2.0, 6880.0)	(3.0, 961.0)	(4.0, 1948.0)	(5.0, 2402.0)	(6.0, 3183.0)	(7.0, 4715.0)	(8.0, 7937.0)	(9.0, 12638.0)	(10.0, 19202.0)	(11.0, 28527.0)	(12.0, 37225.0)	(13.0, 51425.0)	(14.0, 74859.0)	(15.0, 87079.0)	(16.0, 104448.0)	(17.0, 117381.0)	(18.0, 160039.0)	(19.0, 231786.0)	(20.0, 320976.0)	(21.0, 434206.0)	(22.0, 561488.0)	(23.0, 724888.0)	(24.0, 958698.0)	(25.0, 1307815.0)	(26.0, 1903805.0)	(27.0, 3086987.0)	(28.0, 2031952.0)	(29.0, 469389.0)	(30.0, 403733.0)	(31.0, 489357.0)	(32.0, 629359.0)	(33.0, 841557.0)	(34.0, 1183706.0)	(35.0, 1754189.0)	(36.0, 2871077.0)	(37.0, 4153137.0)	(38.0, 2959826.0)	(39.0, 306502.0)	(40.0, 39.0)
ERR579142_2	(2.0, 4881085.0)	(3.0, 1038288.0)	(4.0, 234477.0)	(5.0, 102634.0)	(6.0, 243466.0)	(7.0, 262135.0)	(8.0, 105612.0)	(9.0, 70568.0)	(10.0, 69207.0)	(11.0, 63919.0)	(12.0, 65321.0)	(13.0, 144638.0)	(14.0, 249910.0)	(15.0, 280983.0)	(16.0, 285688.0)	(17.0, 294110.0)	(18.0, 313174.0)	(19.0, 343370.0)	(20.0, 379080.0)	(21.0, 429368.0)	(22.0, 497389.0)	(23.0, 619481.0)	(24.0, 941991.0)	(25.0, 1165283.0)	(26.0, 199184.0)	(27.0, 194930.0)	(28.0, 229017.0)	(29.0, 275831.0)	(30.0, 335770.0)	(31.0, 418488.0)	(32.0, 536407.0)	(33.0, 710019.0)	(34.0, 1007574.0)	(35.0, 1539381.0)	(36.0, 2584347.0)	(37.0, 3954510.0)	(38.0, 2948867.0)	(39.0, 329748.0)	(40.0, 71.0)
ERR579143_1	(4.0, 2658.0)	(5.0, 408.0)	(6.0, 661.0)	(7.0, 1163.0)	(8.0, 2320.0)	(9.0, 5324.0)	(10.0, 10158.0)	(11.0, 16837.0)	(12.0, 26436.0)	(13.0, 36973.0)	(14.0, 51142.0)	(15.0, 71756.0)	(16.0, 95555.0)	(17.0, 130124.0)	(18.0, 148399.0)	(19.0, 190804.0)	(20.0, 247453.0)	(21.0, 315418.0)	(22.0, 382160.0)	(23.0, 454170.0)	(24.0, 539535.0)	(25.0, 646758.0)	(26.0, 746181.0)	(27.0, 858793.0)	(28.0, 638111.0)	(29.0, 289487.0)	(30.0, 327938.0)	(31.0, 400962.0)	(32.0, 493503.0)	(33.0, 609411.0)	(34.0, 770081.0)	(35.0, 1007584.0)	(36.0, 1329024.0)	(37.0, 1462107.0)	(38.0, 745761.0)	(39.0, 50379.0)	(40.0, 1.0)		
ERR579143_2	(4.0, 2597247.0)	(5.0, 402295.0)	(6.0, 111668.0)	(7.0, 94012.0)	(8.0, 170521.0)	(9.0, 101992.0)	(10.0, 64717.0)	(11.0, 64331.0)	(12.0, 65491.0)	(13.0, 69068.0)	(14.0, 90181.0)	(15.0, 111109.0)	(16.0, 116118.0)	(17.0, 118365.0)	(18.0, 127373.0)	(19.0, 144011.0)	(20.0, 165502.0)	(21.0, 191486.0)	(22.0, 221900.0)	(23.0, 256915.0)	(24.0, 305278.0)	(25.0, 351447.0)	(26.0, 208311.0)	(27.0, 197165.0)	(28.0, 225554.0)	(29.0, 262557.0)	(30.0, 308787.0)	(31.0, 366065.0)	(32.0, 438656.0)	(33.0, 538476.0)	(34.0, 677586.0)	(35.0, 865449.0)	(36.0, 1105859.0)	(37.0, 1219388.0)	(38.0, 689447.0)	(39.0, 61199.0)	(40.0, 9.0)		
ERR579144_1	(2.0, 19.0)	(3.0, 32.0)	(4.0, 54.0)	(5.0, 205.0)	(6.0, 468.0)	(7.0, 1174.0)	(8.0, 2856.0)	(9.0, 6263.0)	(10.0, 10641.0)	(11.0, 13649.0)	(12.0, 16246.0)	(13.0, 18141.0)	(14.0, 20237.0)	(15.0, 23217.0)	(16.0, 25853.0)	(17.0, 29764.0)	(18.0, 33895.0)	(19.0, 37972.0)	(20.0, 42397.0)	(21.0, 47775.0)	(22.0, 56459.0)	(23.0, 69025.0)	(24.0, 85857.0)	(25.0, 109539.0)	(26.0, 142925.0)	(27.0, 187998.0)	(28.0, 247490.0)	(29.0, 328927.0)	(30.0, 440507.0)	(31.0, 595983.0)	(32.0, 823663.0)	(33.0, 1166356.0)	(34.0, 1717815.0)	(35.0, 2715744.0)	(36.0, 5110798.0)	(37.0, 11324461.0)	(38.0, 9742599.0)	(39.0, 12135.0)	
ERR579144_2	(2.0, 709192.0)	(3.0, 80404.0)	(4.0, 51143.0)	(5.0, 43970.0)	(6.0, 41021.0)	(7.0, 40527.0)	(8.0, 41109.0)	(9.0, 43201.0)	(10.0, 46275.0)	(11.0, 47768.0)	(12.0, 47191.0)	(13.0, 48423.0)	(14.0, 50625.0)	(15.0, 52812.0)	(16.0, 55353.0)	(17.0, 57883.0)	(18.0, 59042.0)	(19.0, 61131.0)	(20.0, 65066.0)	(21.0, 72562.0)	(22.0, 83946.0)	(23.0, 99626.0)	(24.0, 120602.0)	(25.0, 146787.0)	(26.0, 181640.0)	(27.0, 222617.0)	(28.0, 276180.0)	(29.0, 345865.0)	(30.0, 444925.0)	(31.0, 590593.0)	(32.0, 809328.0)	(33.0, 1140746.0)	(34.0, 1642094.0)	(35.0, 2495323.0)	(36.0, 4611326.0)	(37.0, 11146410.0)	(38.0, 9120786.0)	(39.0, 15647.0)	
ERR579145_1	(2.0, 20.0)	(3.0, 45.0)	(4.0, 64.0)	(5.0, 153.0)	(6.0, 323.0)	(7.0, 808.0)	(8.0, 2071.0)	(9.0, 4881.0)	(10.0, 8702.0)	(11.0, 11267.0)	(12.0, 12998.0)	(13.0, 14447.0)	(14.0, 15860.0)	(15.0, 17764.0)	(16.0, 19664.0)	(17.0, 23119.0)	(18.0, 25376.0)	(19.0, 27942.0)	(20.0, 31685.0)	(21.0, 34734.0)	(22.0, 39274.0)	(23.0, 46111.0)	(24.0, 56059.0)	(25.0, 70946.0)	(26.0, 90353.0)	(27.0, 116592.0)	(28.0, 150675.0)	(29.0, 196740.0)	(30.0, 260101.0)	(31.0, 352295.0)	(32.0, 490037.0)	(33.0, 706841.0)	(34.0, 1065899.0)	(35.0, 1820334.0)	(36.0, 3891903.0)	(37.0, 9273996.0)	(38.0, 7450285.0)	(39.0, 11758.0)	
ERR579145_2	(2.0, 387440.0)	(3.0, 48239.0)	(4.0, 33089.0)	(5.0, 29877.0)	(6.0, 28724.0)	(7.0, 28816.0)	(8.0, 28263.0)	(9.0, 30105.0)	(10.0, 32244.0)	(11.0, 33445.0)	(12.0, 33615.0)	(13.0, 34249.0)	(14.0, 35383.0)	(15.0, 36410.0)	(16.0, 38068.0)	(17.0, 39045.0)	(18.0, 40576.0)	(19.0, 41839.0)	(20.0, 44801.0)	(21.0, 49626.0)	(22.0, 56921.0)	(23.0, 67710.0)	(24.0, 81553.0)	(25.0, 98758.0)	(26.0, 120635.0)	(27.0, 148627.0)	(28.0, 183910.0)	(29.0, 230526.0)	(30.0, 298260.0)	(31.0, 394617.0)	(32.0, 543092.0)	(33.0, 769057.0)	(34.0, 1125728.0)	(35.0, 1799740.0)	(36.0, 3673468.0)	(37.0, 9053831.0)	(38.0, 6608247.0)	(39.0, 13588.0)	
ERR579146_1	(2.0, 65.0)	(3.0, 98.0)	(4.0, 220.0)	(5.0, 603.0)	(6.0, 1416.0)	(7.0, 3842.0)	(8.0, 9814.0)	(9.0, 19081.0)	(10.0, 28495.0)	(11.0, 35726.0)	(12.0, 41798.0)	(13.0, 48445.0)	(14.0, 54553.0)	(15.0, 61343.0)	(16.0, 70183.0)	(17.0, 79959.0)	(18.0, 88501.0)	(19.0, 97620.0)	(20.0, 108475.0)	(21.0, 122506.0)	(22.0, 145111.0)	(23.0, 177861.0)	(24.0, 223044.0)	(25.0, 286651.0)	(26.0, 369725.0)	(27.0, 476820.0)	(28.0, 612421.0)	(29.0, 788325.0)	(30.0, 1018402.0)	(31.0, 1326291.0)	(32.0, 1746308.0)	(33.0, 2329373.0)	(34.0, 3173900.0)	(35.0, 4548687.0)	(36.0, 7425549.0)	(37.0, 12912489.0)	(38.0, 8185589.0)	(39.0, 8084.0)	
ERR579146_2	(2.0, 844812.0)	(3.0, 122899.0)	(4.0, 95580.0)	(5.0, 82703.0)	(6.0, 80313.0)	(7.0, 84735.0)	(8.0, 90169.0)	(9.0, 97543.0)	(10.0, 105084.0)	(11.0, 110183.0)	(12.0, 111723.0)	(13.0, 114963.0)	(14.0, 119940.0)	(15.0, 125253.0)	(16.0, 129764.0)	(17.0, 133860.0)	(18.0, 136580.0)	(19.0, 139609.0)	(20.0, 147998.0)	(21.0, 161820.0)	(22.0, 185143.0)	(23.0, 221707.0)	(24.0, 272801.0)	(25.0, 336198.0)	(26.0, 416031.0)	(27.0, 515027.0)	(28.0, 634691.0)	(29.0, 780629.0)	(30.0, 957704.0)	(31.0, 1202396.0)	(32.0, 1578590.0)	(33.0, 2126386.0)	(34.0, 2890828.0)	(35.0, 4067930.0)	(36.0, 6653085.0)	(37.0, 12436195.0)	(38.0, 8300850.0)	(39.0, 15651.0)	
ERR579147_1	(2.0, 40.0)	(3.0, 43.0)	(4.0, 94.0)	(5.0, 284.0)	(6.0, 592.0)	(7.0, 1627.0)	(8.0, 4382.0)	(9.0, 9603.0)	(10.0, 15887.0)	(11.0, 20291.0)	(12.0, 23765.0)	(13.0, 26646.0)	(14.0, 29697.0)	(15.0, 32993.0)	(16.0, 38109.0)	(17.0, 43332.0)	(18.0, 48108.0)	(19.0, 52716.0)	(20.0, 58499.0)	(21.0, 65145.0)	(22.0, 75805.0)	(23.0, 91058.0)	(24.0, 113240.0)	(25.0, 145225.0)	(26.0, 187373.0)	(27.0, 241623.0)	(28.0, 313163.0)	(29.0, 410344.0)	(30.0, 544722.0)	(31.0, 730739.0)	(32.0, 1002136.0)	(33.0, 1403534.0)	(34.0, 2029514.0)	(35.0, 3163624.0)	(36.0, 5833398.0)	(37.0, 12104147.0)	(38.0, 9555978.0)	(39.0, 15897.0)	
ERR579147_2	(2.0, 564607.0)	(3.0, 74805.0)	(4.0, 53692.0)	(5.0, 48213.0)	(6.0, 46620.0)	(7.0, 47694.0)	(8.0, 48881.0)	(9.0, 51548.0)	(10.0, 56588.0)	(11.0, 58390.0)	(12.0, 58930.0)	(13.0, 60901.0)	(14.0, 63691.0)	(15.0, 66627.0)	(16.0, 70653.0)	(17.0, 73831.0)	(18.0, 75886.0)	(19.0, 79022.0)	(20.0, 85145.0)	(21.0, 93715.0)	(22.0, 106942.0)	(23.0, 126922.0)	(24.0, 153125.0)	(25.0, 186826.0)	(26.0, 229669.0)	(27.0, 281153.0)	(28.0, 348167.0)	(29.0, 435848.0)	(30.0, 555577.0)	(31.0, 730066.0)	(32.0, 984826.0)	(33.0, 1371732.0)	(34.0, 1948927.0)	(35.0, 2927681.0)	(36.0, 5265505.0)	(37.0, 11677168.0)	(38.0, 9303901.0)	(39.0, 19899.0)	
ERR579148_1	(2.0, 48.0)	(3.0, 67.0)	(4.0, 141.0)	(5.0, 285.0)	(6.0, 718.0)	(7.0, 1784.0)	(8.0, 5069.0)	(9.0, 10817.0)	(10.0, 17906.0)	(11.0, 22556.0)	(12.0, 26412.0)	(13.0, 30523.0)	(14.0, 33872.0)	(15.0, 37280.0)	(16.0, 42105.0)	(17.0, 47805.0)	(18.0, 53967.0)	(19.0, 59414.0)	(20.0, 66703.0)	(21.0, 73346.0)	(22.0, 84004.0)	(23.0, 100934.0)	(24.0, 124682.0)	(25.0, 158797.0)	(26.0, 205276.0)	(27.0, 266663.0)	(28.0, 330038.0)	(29.0, 427484.0)	(30.0, 559552.0)	(31.0, 743622.0)	(32.0, 1007208.0)	(33.0, 1414877.0)	(34.0, 2081983.0)	(35.0, 3473096.0)	(36.0, 7404702.0)	(37.0, 18068419.0)	(38.0, 14629192.0)	(39.0, 23567.0)	
ERR579148_2	(2.0, 1058596.0)	(3.0, 116197.0)	(4.0, 77382.0)	(5.0, 68118.0)	(6.0, 64783.0)	(7.0, 60989.0)	(8.0, 57743.0)	(9.0, 59815.0)	(10.0, 63136.0)	(11.0, 64242.0)	(12.0, 63797.0)	(13.0, 64830.0)	(14.0, 66345.0)	(15.0, 68834.0)	(16.0, 70391.0)	(17.0, 72683.0)	(18.0, 75031.0)	(19.0, 77496.0)	(20.0, 82914.0)	(21.0, 91543.0)	(22.0, 104941.0)	(23.0, 124483.0)	(24.0, 149398.0)	(25.0, 179563.0)	(26.0, 217846.0)	(27.0, 266257.0)	(28.0, 326910.0)	(29.0, 408814.0)	(30.0, 522321.0)	(31.0, 689780.0)	(32.0, 942414.0)	(33.0, 1328953.0)	(34.0, 1929860.0)	(35.0, 3037864.0)	(36.0, 6286342.0)	(37.0, 17574364.0)	(38.0, 15089866.0)	(39.0, 30073.0)	
ERR579149_1	(4.0, 14526.0)	(5.0, 1208.0)	(6.0, 2002.0)	(7.0, 3137.0)	(8.0, 5295.0)	(9.0, 9584.0)	(10.0, 16556.0)	(11.0, 22558.0)	(12.0, 29799.0)	(13.0, 37386.0)	(14.0, 45727.0)	(15.0, 54671.0)	(16.0, 63595.0)	(17.0, 72970.0)	(18.0, 84396.0)	(19.0, 98049.0)	(20.0, 114009.0)	(21.0, 129993.0)	(22.0, 149212.0)	(23.0, 174762.0)	(24.0, 208163.0)	(25.0, 252833.0)	(26.0, 308737.0)	(27.0, 383697.0)	(28.0, 433022.0)	(29.0, 459641.0)	(30.0, 562472.0)	(31.0, 694354.0)	(32.0, 871412.0)	(33.0, 1128850.0)	(34.0, 1533458.0)	(35.0, 2183631.0)	(36.0, 3138238.0)	(37.0, 3722019.0)	(38.0, 1931497.0)	(39.0, 122267.0)	(40.0, 4.0)		
ERR579149_2	(4.0, 312242.0)	(5.0, 67755.0)	(6.0, 28159.0)	(7.0, 28812.0)	(8.0, 48901.0)	(9.0, 45886.0)	(10.0, 44636.0)	(11.0, 49407.0)	(12.0, 54305.0)	(13.0, 56776.0)	(14.0, 64010.0)	(15.0, 72653.0)	(16.0, 79044.0)	(17.0, 84202.0)	(18.0, 92704.0)	(19.0, 101638.0)	(20.0, 113594.0)	(21.0, 128972.0)	(22.0, 148403.0)	(23.0, 173831.0)	(24.0, 210113.0)	(25.0, 269731.0)	(26.0, 277135.0)	(27.0, 305758.0)	(28.0, 366671.0)	(29.0, 444286.0)	(30.0, 540103.0)	(31.0, 665731.0)	(32.0, 840913.0)	(33.0, 1086842.0)	(34.0, 1472543.0)	(35.0, 2082986.0)	(36.0, 2978797.0)	(37.0, 3596466.0)	(38.0, 1982180.0)	(39.0, 147535.0)	(40.0, 10.0)		
ERR579150_1	(2.0, 36.0)	(3.0, 57.0)	(4.0, 104.0)	(5.0, 274.0)	(6.0, 574.0)	(7.0, 1644.0)	(8.0, 4208.0)	(9.0, 8904.0)	(10.0, 15287.0)	(11.0, 19618.0)	(12.0, 22592.0)	(13.0, 25581.0)	(14.0, 28106.0)	(15.0, 31846.0)	(16.0, 35990.0)	(17.0, 41004.0)	(18.0, 45487.0)	(19.0, 49239.0)	(20.0, 55112.0)	(21.0, 60929.0)	(22.0, 70742.0)	(23.0, 85384.0)	(24.0, 105856.0)	(25.0, 133669.0)	(26.0, 171726.0)	(27.0, 221103.0)	(28.0, 288264.0)	(29.0, 377261.0)	(30.0, 498195.0)	(31.0, 667622.0)	(32.0, 912991.0)	(33.0, 1280173.0)	(34.0, 1863032.0)	(35.0, 2953890.0)	(36.0, 5665986.0)	(37.0, 12442369.0)	(38.0, 10637130.0)	(39.0, 17377.0)	
ERR579150_2	(2.0, 654775.0)	(3.0, 85824.0)	(4.0, 60933.0)	(5.0, 54423.0)	(6.0, 52262.0)	(7.0, 52339.0)	(8.0, 52795.0)	(9.0, 55759.0)	(10.0, 59781.0)	(11.0, 60675.0)	(12.0, 60774.0)	(13.0, 61646.0)	(14.0, 63820.0)	(15.0, 66824.0)	(16.0, 69381.0)	(17.0, 71665.0)	(18.0, 74206.0)	(19.0, 77879.0)	(20.0, 83352.0)	(21.0, 91276.0)	(22.0, 104384.0)	(23.0, 124513.0)	(24.0, 149302.0)	(25.0, 180490.0)	(26.0, 218570.0)	(27.0, 265561.0)	(28.0, 327267.0)	(29.0, 407694.0)	(30.0, 518039.0)	(31.0, 675768.0)	(32.0, 918098.0)	(33.0, 1275390.0)	(34.0, 1814690.0)	(35.0, 2774653.0)	(36.0, 5224717.0)	(37.0, 12091715.0)	(38.0, 9834683.0)	(39.0, 23439.0)	
ERR579151_1	(2.0, 33.0)	(3.0, 60.0)	(4.0, 100.0)	(5.0, 339.0)	(6.0, 682.0)	(7.0, 1651.0)	(8.0, 4398.0)	(9.0, 9739.0)	(10.0, 15901.0)	(11.0, 20558.0)	(12.0, 24394.0)	(13.0, 27587.0)	(14.0, 30769.0)	(15.0, 34518.0)	(16.0, 39094.0)	(17.0, 43705.0)	(18.0, 48004.0)	(19.0, 53088.0)	(20.0, 57844.0)	(21.0, 63552.0)	(22.0, 74457.0)	(23.0, 89435.0)	(24.0, 112279.0)	(25.0, 144902.0)	(26.0, 188784.0)	(27.0, 246990.0)	(28.0, 326109.0)	(29.0, 433728.0)	(30.0, 585541.0)	(31.0, 807282.0)	(32.0, 1134505.0)	(33.0, 1633137.0)	(34.0, 2428572.0)	(35.0, 3895084.0)	(36.0, 7437572.0)	(37.0, 15618861.0)	(38.0, 11224890.0)	(39.0, 16239.0)	
ERR579151_2	(2.0, 589476.0)	(3.0, 77136.0)	(4.0, 55781.0)	(5.0, 49828.0)	(6.0, 49168.0)	(7.0, 50377.0)	(8.0, 51613.0)	(9.0, 55198.0)	(10.0, 60753.0)	(11.0, 63065.0)	(12.0, 64288.0)	(13.0, 66747.0)	(14.0, 69273.0)	(15.0, 73136.0)	(16.0, 74470.0)	(17.0, 76852.0)	(18.0, 78643.0)	(19.0, 82265.0)	(20.0, 89129.0)	(21.0, 98372.0)	(22.0, 114231.0)	(23.0, 135986.0)	(24.0, 166115.0)	(25.0, 204674.0)	(26.0, 252225.0)	(27.0, 314409.0)	(28.0, 394449.0)	(29.0, 500260.0)	(30.0, 647271.0)	(31.0, 860442.0)	(32.0, 1181972.0)	(33.0, 1672227.0)	(34.0, 2429995.0)	(35.0, 3749333.0)	(36.0, 6857036.0)	(37.0, 14608152.0)	(38.0, 10887699.0)	(39.0, 22337.0)	
ERR579152_1	(4.0, 9234.0)	(5.0, 1017.0)	(6.0, 1476.0)	(7.0, 2500.0)	(8.0, 4517.0)	(9.0, 9019.0)	(10.0, 15654.0)	(11.0, 21193.0)	(12.0, 26750.0)	(13.0, 33058.0)	(14.0, 40979.0)	(15.0, 49317.0)	(16.0, 58325.0)	(17.0, 67948.0)	(18.0, 78139.0)	(19.0, 88685.0)	(20.0, 99947.0)	(21.0, 112538.0)	(22.0, 127217.0)	(23.0, 148095.0)	(24.0, 178242.0)	(25.0, 216136.0)	(26.0, 263952.0)	(27.0, 323790.0)	(28.0, 377219.0)	(29.0, 443320.0)	(30.0, 537522.0)	(31.0, 652741.0)	(32.0, 798787.0)	(33.0, 1000405.0)	(34.0, 1295779.0)	(35.0, 1737172.0)	(36.0, 2311530.0)	(37.0, 2493277.0)	(38.0, 1266114.0)	(39.0, 86064.0)	(40.0, 3.0)		
ERR579152_2	(4.0, 171997.0)	(5.0, 35073.0)	(6.0, 20134.0)	(7.0, 21524.0)	(8.0, 31239.0)	(9.0, 32827.0)	(10.0, 36264.0)	(11.0, 41602.0)	(12.0, 46246.0)	(13.0, 49828.0)	(14.0, 54084.0)	(15.0, 58328.0)	(16.0, 62577.0)	(17.0, 68464.0)	(18.0, 75718.0)	(19.0, 85372.0)	(20.0, 96263.0)	(21.0, 110448.0)	(22.0, 127576.0)	(23.0, 150526.0)	(24.0, 178799.0)	(25.0, 214372.0)	(26.0, 241416.0)	(27.0, 284291.0)	(28.0, 340773.0)	(29.0, 408933.0)	(30.0, 493885.0)	(31.0, 600480.0)	(32.0, 740825.0)	(33.0, 931144.0)	(34.0, 1210120.0)	(35.0, 1619876.0)	(36.0, 2178938.0)	(37.0, 2544090.0)	(38.0, 1484062.0)	(39.0, 129558.0)	(40.0, 9.0)		
ERR579153_1	(2.0, 11.0)	(3.0, 30.0)	(4.0, 81.0)	(5.0, 197.0)	(6.0, 404.0)	(7.0, 1120.0)	(8.0, 2875.0)	(9.0, 6439.0)	(10.0, 11562.0)	(11.0, 14622.0)	(12.0, 17094.0)	(13.0, 18922.0)	(14.0, 20923.0)	(15.0, 23755.0)	(16.0, 27187.0)	(17.0, 31644.0)	(18.0, 34408.0)	(19.0, 37329.0)	(20.0, 40436.0)	(21.0, 45504.0)	(22.0, 52952.0)	(23.0, 63778.0)	(24.0, 78278.0)	(25.0, 99544.0)	(26.0, 128133.0)	(27.0, 165019.0)	(28.0, 213865.0)	(29.0, 282043.0)	(30.0, 375146.0)	(31.0, 506842.0)	(32.0, 702536.0)	(33.0, 1000167.0)	(34.0, 1487192.0)	(35.0, 2451782.0)	(36.0, 5034926.0)	(37.0, 12412456.0)	(38.0, 11402032.0)	(39.0, 18014.0)	
ERR579153_2	(2.0, 599799.0)	(3.0, 75646.0)	(4.0, 51756.0)	(5.0, 45612.0)	(6.0, 43322.0)	(7.0, 43939.0)	(8.0, 42685.0)	(9.0, 44136.0)	(10.0, 48030.0)	(11.0, 49372.0)	(12.0, 48846.0)	(13.0, 49603.0)	(14.0, 51187.0)	(15.0, 53064.0)	(16.0, 55203.0)	(17.0, 57045.0)	(18.0, 59584.0)	(19.0, 61307.0)	(20.0, 65470.0)	(21.0, 72228.0)	(22.0, 82691.0)	(23.0, 98500.0)	(24.0, 117520.0)	(25.0, 142600.0)	(26.0, 173462.0)	(27.0, 212883.0)	(28.0, 258654.0)	(29.0, 324241.0)	(30.0, 412823.0)	(31.0, 542197.0)	(32.0, 735976.0)	(33.0, 1041100.0)	(34.0, 1508039.0)	(35.0, 2347989.0)	(36.0, 4649206.0)	(37.0, 12095459.0)	(38.0, 10423996.0)	(39.0, 24078.0)	
ERR579154_1	(2.0, 35.0)	(3.0, 56.0)	(4.0, 153.0)	(5.0, 350.0)	(6.0, 748.0)	(7.0, 2071.0)	(8.0, 5266.0)	(9.0, 11515.0)	(10.0, 19383.0)	(11.0, 24711.0)	(12.0, 28911.0)	(13.0, 31552.0)	(14.0, 34931.0)	(15.0, 38717.0)	(16.0, 44058.0)	(17.0, 49365.0)	(18.0, 55016.0)	(19.0, 60834.0)	(20.0, 67211.0)	(21.0, 74377.0)	(22.0, 85571.0)	(23.0, 102524.0)	(24.0, 127439.0)	(25.0, 161648.0)	(26.0, 208731.0)	(27.0, 269762.0)	(28.0, 352424.0)	(29.0, 465089.0)	(30.0, 619508.0)	(31.0, 838510.0)	(32.0, 1157300.0)	(33.0, 1637462.0)	(34.0, 2396715.0)	(35.0, 3780232.0)	(36.0, 7082127.0)	(37.0, 14680786.0)	(38.0, 11976259.0)	(39.0, 23764.0)	
ERR579154_2	(2.0, 839709.0)	(3.0, 101886.0)	(4.0, 69602.0)	(5.0, 62087.0)	(6.0, 59692.0)	(7.0, 59639.0)	(8.0, 59646.0)	(9.0, 62997.0)	(10.0, 69072.0)	(11.0, 72096.0)	(12.0, 72126.0)	(13.0, 74929.0)	(14.0, 76955.0)	(15.0, 78728.0)	(16.0, 81457.0)	(17.0, 83779.0)	(18.0, 86250.0)	(19.0, 89535.0)	(20.0, 96212.0)	(21.0, 106564.0)	(22.0, 122026.0)	(23.0, 145476.0)	(24.0, 176122.0)	(25.0, 213865.0)	(26.0, 261964.0)	(27.0, 321941.0)	(28.0, 397162.0)	(29.0, 498202.0)	(30.0, 638838.0)	(31.0, 840848.0)	(32.0, 1147617.0)	(33.0, 1606355.0)	(34.0, 2298903.0)	(35.0, 3518266.0)	(36.0, 6522072.0)	(37.0, 14256744.0)	(38.0, 11213485.0)	(39.0, 32264.0)	
ERR579155_1	(2.0, 31.0)	(3.0, 32.0)	(4.0, 64.0)	(5.0, 122.0)	(6.0, 245.0)	(7.0, 725.0)	(8.0, 1763.0)	(9.0, 3184.0)	(10.0, 5379.0)	(11.0, 6890.0)	(12.0, 8688.0)	(13.0, 10561.0)	(14.0, 12203.0)	(15.0, 13628.0)	(16.0, 15725.0)	(17.0, 17720.0)	(18.0, 20850.0)	(19.0, 25230.0)	(20.0, 29874.0)	(21.0, 36057.0)	(22.0, 44214.0)	(23.0, 55967.0)	(24.0, 72808.0)	(25.0, 99006.0)	(26.0, 143330.0)	(27.0, 277383.0)	(28.0, 278313.0)	(29.0, 159892.0)	(30.0, 203188.0)	(31.0, 258055.0)	(32.0, 335306.0)	(33.0, 445755.0)	(34.0, 595145.0)	(35.0, 823142.0)	(36.0, 1584930.0)	(37.0, 5363833.0)	(38.0, 6073522.0)	(39.0, 19485.0)	
ERR579155_2	(2.0, 764956.0)	(3.0, 71420.0)	(4.0, 32573.0)	(5.0, 27536.0)	(6.0, 27949.0)	(7.0, 28301.0)	(8.0, 28536.0)	(9.0, 29443.0)	(10.0, 31821.0)	(11.0, 33192.0)	(12.0, 33838.0)	(13.0, 35402.0)	(14.0, 36886.0)	(15.0, 37044.0)	(16.0, 36933.0)	(17.0, 36903.0)	(18.0, 37491.0)	(19.0, 38555.0)	(20.0, 40571.0)	(21.0, 44222.0)	(22.0, 50331.0)	(23.0, 59371.0)	(24.0, 72522.0)	(25.0, 90148.0)	(26.0, 98562.0)	(27.0, 117062.0)	(28.0, 140133.0)	(29.0, 168727.0)	(30.0, 210346.0)	(31.0, 266796.0)	(32.0, 349708.0)	(33.0, 469727.0)	(34.0, 634954.0)	(35.0, 905871.0)	(36.0, 1729733.0)	(37.0, 4852410.0)	(38.0, 5354019.0)	(39.0, 18253.0)	
