Sample	0	1	2	3	4	5	6	7	8	9	10	11	12	13	14	15
ERR579122_1	(1.0, 25.80454621115847)	(2.0, 12.023087491576565)	(3.0, 7.0271583637619495)	(4.0, 4.827515523082468)	(5.0, 3.6411443197615467)	(6.0, 2.8876124150531766)	(7.0, 2.2976168139992463)	(8.0, 1.9897504653062879)	(9.0, 1.7197059163978838)	('>10', 19.162734584889215)	('>50', 5.552087013279116)	('>100', 8.541596123618875)	('>500', 2.2179906689482562)	('>1k', 1.8918815108942253)	('>5k', 0.17502936630961757)	('>10k+', 0.24054321196283926)
ERR579122_2	(1.0, 26.63837436993494)	(2.0, 12.090940192924002)	(3.0, 7.272136194537955)	(4.0, 4.836664821650376)	(5.0, 3.6742233902697143)	(6.0, 2.848385028623621)	(7.0, 2.310767747290672)	(8.0, 1.9156962293110142)	(9.0, 1.55060707989541)	('>10', 18.45650204586201)	('>50', 5.220604582962359)	('>100', 8.402570644141687)	('>500', 2.3343273551721744)	('>1k', 1.8778640038192733)	('>5k', 0.322294360014862)	('>10k+', 0.24804195358982356)
ERR579123_1	(1.0, 31.463198162061527)	(2.0, 12.583008353007601)	(3.0, 7.223282056536714)	(4.0, 4.771791690653113)	(5.0, 3.596790134807802)	(6.0, 2.790933371935557)	(7.0, 2.218867447270206)	(8.0, 1.7955351717612498)	(9.0, 1.5007328557566184)	('>10', 15.502020126153884)	('>50', 4.069093492765763)	('>100', 7.560442591277209)	('>500', 2.2890671028347094)	('>1k', 2.278976456157558)	('>5k', 0.23501321434955214)	('>10k+', 0.12124777267093392)
ERR579123_2	(1.0, 32.842169221943394)	(2.0, 13.288945333764197)	(3.0, 7.388376278467988)	(4.0, 4.882760512646946)	(5.0, 3.5608340657042254)	(6.0, 2.6781116032623666)	(7.0, 2.058466672176858)	(8.0, 1.676602666038776)	(9.0, 1.3984852338961289)	('>10', 13.834683788340469)	('>50', 3.751993243099631)	('>100', 7.047482278714143)	('>500', 2.5678521686783125)	('>1k', 2.620922433795317)	('>5k', 0.24914254608686567)	('>10k+', 0.15317195338424863)
ERR579124_1	(1.0, 27.1279506039689)	(2.0, 13.17484156360536)	(3.0, 7.693608494535903)	(4.0, 5.427224346105204)	(5.0, 3.919635276095787)	(6.0, 3.0450761490185836)	(7.0, 2.4627239404299237)	(8.0, 2.0610641894175394)	(9.0, 1.6637590323174518)	('>10', 17.095502201487697)	('>50', 4.199970223077097)	('>100', 7.270983092731531)	('>500', 1.9458280576984375)	('>1k', 2.2697199121567104)	('>5k', 0.35607807097849464)	('>10k+', 0.28603484637527166)
ERR579124_2	(1.0, 29.103502308094974)	(2.0, 13.428097029605823)	(3.0, 7.961717417985255)	(4.0, 5.381613753984732)	(5.0, 3.996024310268848)	(6.0, 3.104035428420676)	(7.0, 2.3522397809431923)	(8.0, 1.9515628514102192)	(9.0, 1.6005836887011973)	('>10', 15.4635245139373)	('>50', 3.899735948262607)	('>100', 6.892606099316347)	('>500', 1.898998900718256)	('>1k', 2.325636468031082)	('>5k', 0.3557863346079545)	('>10k+', 0.28433516571146933)
ERR579125_1	(1.0, 25.992478580330587)	(2.0, 10.863598327626582)	(3.0, 6.313633798891878)	(4.0, 4.442338668647164)	(5.0, 3.356957237995971)	(6.0, 2.6128217010599513)	(7.0, 2.170636363634064)	(8.0, 1.7986549921075)	(9.0, 1.5650731447768813)	('>10', 18.764707992238563)	('>50', 5.912855709494632)	('>100', 10.366588567305648)	('>500', 2.8550122512195837)	('>1k', 2.758455023755438)	('>5k', 0.226187640915773)	('>10k+', 0.0)
ERR579125_2	(1.0, 27.55006940441677)	(2.0, 10.97309147191326)	(3.0, 6.370790128971693)	(4.0, 4.3342494939417815)	(5.0, 3.2001840558362944)	(6.0, 2.5209160441780094)	(7.0, 2.0815629029143983)	(8.0, 1.7402404648966592)	(9.0, 1.529909424281301)	('>10', 17.810628801721126)	('>50', 5.632713531531282)	('>100', 10.267807289751854)	('>500', 2.8161304353932786)	('>1k', 2.9284237415736776)	('>5k', 0.24328280867845967)	('>10k+', 0.0)
ERR579126_1	(1.0, 27.540495339487276)	(2.0, 11.924012018537294)	(3.0, 6.665196126513277)	(4.0, 4.36648472184018)	(5.0, 3.1875581218681086)	(6.0, 2.418318930425021)	(7.0, 1.972849334600055)	(8.0, 1.582288201654349)	(9.0, 1.3925168931335696)	('>10', 13.855908144052059)	('>50', 4.335158959088472)	('>100', 9.586570413351433)	('>500', 3.3070300855523085)	('>1k', 5.600823618105936)	('>5k', 1.2849076951329705)	('>10k+', 0.9798813966577705)
ERR579126_2	(1.0, 29.831786301984952)	(2.0, 12.069961136654047)	(3.0, 6.9383087417263996)	(4.0, 4.356066244354306)	(5.0, 3.063392812203051)	(6.0, 2.3890575655469797)	(7.0, 1.8413246917423676)	(8.0, 1.4154773537024383)	(9.0, 1.1762725628075257)	('>10', 12.535843556946032)	('>50', 4.182736255380572)	('>100', 9.681212975955631)	('>500', 3.5302425154815125)	('>1k', 5.563268110867081)	('>5k', 1.1378589633904832)	('>10k+', 0.2871902112567636)
ERR579127_1	(1.0, 27.06184610194361)	(2.0, 12.475210995377797)	(3.0, 6.882092081110515)	(4.0, 4.649346095869673)	(5.0, 3.349684332451386)	(6.0, 2.71829622410284)	(7.0, 2.054610774487695)	(8.0, 1.7205822593816262)	(9.0, 1.3982021648117473)	('>10', 15.000528070381625)	('>50', 4.07964548283153)	('>100', 8.10065693204455)	('>500', 3.329480073034759)	('>1k', 5.875137108896198)	('>5k', 0.9736688153850988)	('>10k+', 0.33101248788952664)
ERR579127_2	(1.0, 29.232428527641474)	(2.0, 12.724711995545423)	(3.0, 7.157486175616596)	(4.0, 4.548304661316246)	(5.0, 3.4072782368341126)	(6.0, 2.524260299318906)	(7.0, 1.98754224266154)	(8.0, 1.6302514455953814)	(9.0, 1.320632560208599)	('>10', 13.50738981273921)	('>50', 3.6039799534162267)	('>100', 7.749436132327377)	('>500', 3.462885970835993)	('>1k', 6.0022986227226145)	('>5k', 0.7376818611788811)	('>10k+', 0.40343150204146977)
ERR579128_1	(1.0, 45.72661203178032)	(2.0, 13.79577776760437)	(3.0, 5.725871998353761)	(4.0, 3.0996328889069704)	(5.0, 2.1180813691601967)	(6.0, 1.462213848005206)	(7.0, 1.155034557897325)	(8.0, 0.9486578129835457)	(9.0, 0.7219989689918009)	('>10', 8.763400969177177)	('>50', 2.862998005039995)	('>100', 4.141086613182483)	('>500', 0.6242242956720618)	('>1k', 0.764431342424136)	('>5k', 0.39427858893624984)	('>10k+', 7.695698941884478)
ERR579128_2	(1.0, 49.086319334872044)	(2.0, 13.604535967802626)	(3.0, 5.683069005146364)	(4.0, 3.120750106957355)	(5.0, 2.031859957257061)	(6.0, 1.4381941633396222)	(7.0, 1.1408349772108017)	(8.0, 0.9818902633320377)	(9.0, 0.760307542985949)	('>10', 8.910157872844875)	('>50', 2.889178618392889)	('>100', 4.340768172434264)	('>500', 0.6800564579958631)	('>1k', 0.8337534098579682)	('>5k', 0.4640178928790351)	('>10k+', 4.0343062566913135)
ERR579129_1	(1.0, 25.042210681972204)	(2.0, 11.472588747434322)	(3.0, 6.646188837658242)	(4.0, 4.429896232177287)	(5.0, 3.3107418969158355)	(6.0, 2.610495053902799)	(7.0, 2.0662266221536703)	(8.0, 1.688306569242053)	(9.0, 1.5057381788576305)	('>10', 15.869967861875004)	('>50', 4.4454899739399965)	('>100', 8.866820678514209)	('>500', 3.514540273213038)	('>1k', 6.5647531481853285)	('>5k', 1.3348038881270234)	('>10k+', 0.6312313558311409)
ERR579129_2	(1.0, 27.383797226293925)	(2.0, 11.617587547584753)	(3.0, 6.818870190020168)	(4.0, 4.485310287665047)	(5.0, 3.316635759747439)	(6.0, 2.5451223464494888)	(7.0, 2.0258176566702)	(8.0, 1.570522736509203)	(9.0, 1.4602122162457034)	('>10', 14.22137983865848)	('>50', 4.006146602977173)	('>100', 8.19242961722313)	('>500', 3.56750244883789)	('>1k', 7.076181778826311)	('>5k', 1.0356822120543698)	('>10k+', 0.6768015342367545)
ERR579130_1	(1.0, 28.267476754237634)	(2.0, 6.706070755872212)	(3.0, 3.474128497952557)	(4.0, 2.2104198576345)	(5.0, 1.705424430112612)	(6.0, 1.3825774660400783)	(7.0, 1.1626681065463573)	(8.0, 0.9674657220598438)	(9.0, 0.8983657864674741)	('>10', 13.754702107207947)	('>50', 6.718509379139613)	('>100', 16.96947746917461)	('>500', 5.693019741061675)	('>1k', 5.597857407541558)	('>5k', 0.36346944201055326)	('>10k+', 4.128367076940795)
ERR579130_2	(1.0, 33.14905948058268)	(2.0, 6.592620582436208)	(3.0, 3.3629567766955137)	(4.0, 2.3203014187539903)	(5.0, 1.6562891069905445)	(6.0, 1.2832181817683062)	(7.0, 1.1167983803833326)	(8.0, 0.9299094581283449)	(9.0, 0.8828475883490852)	('>10', 13.492188920557737)	('>50', 6.631275898938789)	('>100', 16.15779102430384)	('>500', 5.243138194811867)	('>1k', 5.273237166699913)	('>5k', 0.27091465924442865)	('>10k+', 1.637453161355356)
ERR579131_1	(1.0, 30.079137513827884)	(2.0, 13.630042629232308)	(3.0, 7.521914645237008)	(4.0, 4.947184505713671)	(5.0, 3.6577633682276596)	(6.0, 2.8766278758429857)	(7.0, 2.257768475389635)	(8.0, 1.842554704237564)	(9.0, 1.5318193535294469)	('>10', 15.741340783458977)	('>50', 4.052413631775156)	('>100', 7.082211998219469)	('>500', 2.1439986033803113)	('>1k', 2.06892863404211)	('>5k', 0.2107024534429824)	('>10k+', 0.35559082444281)
ERR579131_2	(1.0, 32.282404095556835)	(2.0, 13.818024216711244)	(3.0, 7.821803850155532)	(4.0, 5.1493482546195475)	(5.0, 3.634024951942015)	(6.0, 2.7032893497011727)	(7.0, 2.016107111784185)	(8.0, 1.751572276351874)	(9.0, 1.4710093607081614)	('>10', 14.137287647256496)	('>50', 3.747811340805728)	('>100', 6.86345671227733)	('>500', 2.043255678028719)	('>1k', 2.033578437991714)	('>5k', 0.17766087530244618)	('>10k+', 0.3493658408069468)
ERR579132_1	(1.0, 30.195600053793335)	(2.0, 12.000110856775766)	(3.0, 6.778959172038607)	(4.0, 4.660106772297219)	(5.0, 3.4102376025785497)	(6.0, 2.6669851832549276)	(7.0, 2.1793938228434997)	(8.0, 1.8003647549807833)	(9.0, 1.5135781493157634)	('>10', 15.394172347451264)	('>50', 4.356087249357937)	('>100', 9.100442554677175)	('>500', 2.909114967656332)	('>1k', 2.756566692427832)	('>5k', 0.27827982055122)	('>10k+', 0.0)
ERR579132_2	(1.0, 32.31956961778262)	(2.0, 12.346925507360144)	(3.0, 6.967579491172257)	(4.0, 4.69916077065224)	(5.0, 3.3661524285765307)	(6.0, 2.5891815277254993)	(7.0, 2.053577315515662)	(8.0, 1.671931123356283)	(9.0, 1.4020210413930214)	('>10', 13.688192618574217)	('>50', 4.001018338697031)	('>100', 8.688620429273874)	('>500', 2.751597458563825)	('>1k', 3.1093113172442464)	('>5k', 0.2756278931353506)	('>10k+', 0.06953312097745384)
ERR579133_1	(1.0, 23.667116795427383)	(2.0, 12.425429003130885)	(3.0, 7.365911047765087)	(4.0, 4.979799931832566)	(5.0, 3.6085333295575768)	(6.0, 2.709351920446563)	(7.0, 2.211986196731002)	(8.0, 1.8987646725663558)	(9.0, 1.5490870137959654)	('>10', 16.499830761530394)	('>50', 4.791463885891459)	('>100', 9.685658485242596)	('>500', 3.173198425180157)	('>1k', 4.2537336694071275)	('>5k', 0.6898377378946637)	('>10k+', 0.49029712360029704)
ERR579133_2	(1.0, 25.51298641286052)	(2.0, 12.312546022987535)	(3.0, 7.5432258817317726)	(4.0, 4.985312601405348)	(5.0, 3.565488266422925)	(6.0, 2.7807548194856357)	(7.0, 2.2224305250861667)	(8.0, 1.8044767668601513)	(9.0, 1.4962844515872475)	('>10', 14.712150956095215)	('>50', 4.573669647537613)	('>100', 9.885368823515195)	('>500', 3.2709936940633684)	('>1k', 4.490116849037374)	('>5k', 0.5374374028193744)	('>10k+', 0.30675687850447275)
ERR579134_1	(1.0, 26.39946950064654)	(2.0, 12.724402814525668)	(3.0, 7.496938526073811)	(4.0, 5.011602561675379)	(5.0, 3.578919653299209)	(6.0, 2.8290629960800757)	(7.0, 2.1680791512872712)	(8.0, 1.8914778083099257)	(9.0, 1.5129501076469045)	('>10', 16.18981690443887)	('>50', 4.689397509718921)	('>100', 9.525059648130402)	('>500', 2.721901323145166)	('>1k', 2.642527790064336)	('>5k', 0.28015875222699976)	('>10k+', 0.3382349527304894)
ERR579134_2	(1.0, 28.31361467172217)	(2.0, 13.218922011007406)	(3.0, 7.748278628211317)	(4.0, 5.0690902230554435)	(5.0, 3.607662384299829)	(6.0, 2.673625498074468)	(7.0, 2.163381303712034)	(8.0, 1.7245411716045367)	(9.0, 1.4316493178540357)	('>10', 14.42882660426022)	('>50', 4.363029113570873)	('>100', 9.12251709255743)	('>500', 2.5691216755243467)	('>1k', 2.9137664061075377)	('>5k', 0.21981378016769715)	('>10k+', 0.4321601182706637)
ERR579135_1	(1.0, 24.260678094431356)	(2.0, 11.822474314612684)	(3.0, 6.962482832321373)	(4.0, 4.725393060189507)	(5.0, 3.690920611330201)	(6.0, 2.8929372735225907)	(7.0, 2.2798147859524516)	(8.0, 1.9162242157279445)	(9.0, 1.6199200999949057)	('>10', 17.716721520921205)	('>50', 4.983744684937133)	('>100', 9.459219818553333)	('>500', 2.725004225699733)	('>1k', 3.669800598689907)	('>5k', 0.5791281152704075)	('>10k+', 0.6955357478451619)
ERR579135_2	(1.0, 26.821141479755056)	(2.0, 12.149020063062936)	(3.0, 7.4559008664747255)	(4.0, 4.887873965630288)	(5.0, 3.6947866489965104)	(6.0, 2.785069668032598)	(7.0, 2.2464338072784535)	(8.0, 1.7383084033216731)	(9.0, 1.4792775268145855)	('>10', 15.879298063696748)	('>50', 4.657857364461604)	('>100', 9.228905385432174)	('>500', 2.751165562562172)	('>1k', 3.4376527987022114)	('>5k', 0.3923797644616772)	('>10k+', 0.3949286313164717)
ERR579136_1	(1.0, 29.595113942797376)	(2.0, 12.604813682706592)	(3.0, 7.376503766941274)	(4.0, 5.064522539091894)	(5.0, 3.8015701981018766)	(6.0, 2.9825447053473364)	(7.0, 2.292303159914768)	(8.0, 1.9081470488834646)	(9.0, 1.6761958351625017)	('>10', 16.3406361765528)	('>50', 4.030465421742142)	('>100', 7.515599126065162)	('>500', 2.16511714387046)	('>1k', 2.3972573752429502)	('>5k', 0.24920987757903265)	('>10k+', 0.0)
ERR579136_2	(1.0, 31.64675761643259)	(2.0, 12.772270595321872)	(3.0, 7.693633452398179)	(4.0, 5.199476907251149)	(5.0, 3.778032840529947)	(6.0, 2.8687256177548477)	(7.0, 2.262456707628224)	(8.0, 1.8934676709217322)	(9.0, 1.5300265583292751)	('>10', 14.40334522193189)	('>50', 3.7404381198638466)	('>100', 7.1310795241547025)	('>500', 2.2412149166643305)	('>1k', 2.5506306334716387)	('>5k', 0.2884436173457609)	('>10k+', 0.0)
ERR579138_1	(1.0, 28.790121967745065)	(2.0, 12.440126266370756)	(3.0, 7.230115736111357)	(4.0, 5.160282862575987)	(5.0, 3.843583811082893)	(6.0, 2.9244916844520414)	(7.0, 2.413083362881801)	(8.0, 1.957241190874968)	(9.0, 1.7110037027038012)	('>10', 17.4213417451928)	('>50', 4.208096265996039)	('>100', 7.036269888705503)	('>500', 2.1051574717693153)	('>1k', 2.3900839467163646)	('>5k', 0.22709590686555717)	('>10k+', 0.14190418995606308)
ERR579138_2	(1.0, 30.87179784077985)	(2.0, 12.75751889807075)	(3.0, 7.734565449934918)	(4.0, 5.264090957557066)	(5.0, 3.8398958387264743)	(6.0, 2.971701457010777)	(7.0, 2.362973563302521)	(8.0, 1.8846455440420458)	(9.0, 1.5923630356616654)	('>10', 15.583994407331843)	('>50', 3.8051644484965985)	('>100', 6.268037428090098)	('>500', 2.1875273392756456)	('>1k', 2.3712384138923146)	('>5k', 0.3126053320735481)	('>10k+', 0.19188004575386913)
ERR579139_1	(1.0, 26.73650790930347)	(2.0, 11.892912872963409)	(3.0, 6.5754179190488395)	(4.0, 4.553330094887767)	(5.0, 3.251951926821846)	(6.0, 2.5378008289621037)	(7.0, 2.045401265679419)	(8.0, 1.6017136902428402)	(9.0, 1.4478244766441621)	('>10', 15.247908908377955)	('>50', 4.589388400128426)	('>100', 10.007517132477606)	('>500', 3.5157381436241684)	('>1k', 4.501282767545903)	('>5k', 0.7608019623048956)	('>10k+', 0.7345017009871466)
ERR579139_2	(1.0, 28.92502113704674)	(2.0, 11.998350292141275)	(3.0, 6.78626140293102)	(4.0, 4.530805534659558)	(5.0, 3.2353341356963115)	(6.0, 2.586282758539751)	(7.0, 1.9099739310529353)	(8.0, 1.5523625973227277)	(9.0, 1.3502118731943138)	('>10', 13.649834377097472)	('>50', 4.397669228992496)	('>100', 10.053926666274078)	('>500', 3.516317705319317)	('>1k', 4.55720787612175)	('>5k', 0.6470848829207254)	('>10k+', 0.30335560068963935)
ERR579140_1	(1.0, 25.18709957017982)	(2.0, 11.379493313235654)	(3.0, 6.805726232351135)	(4.0, 4.60352132054575)	(5.0, 3.428090384456521)	(6.0, 2.796041865774802)	(7.0, 2.2343215450042604)	(8.0, 1.8206492077103904)	(9.0, 1.5555772005446147)	('>10', 17.59770326484468)	('>50', 4.76726537317782)	('>100', 8.676511776992148)	('>500', 2.9967053337311556)	('>1k', 5.040643683646195)	('>5k', 0.8560509194339434)	('>10k+', 0.25459900837116456)
ERR579140_2	(1.0, 27.94310367014663)	(2.0, 11.523030304146463)	(3.0, 6.807024922194977)	(4.0, 4.84342874287203)	(5.0, 3.5349447671980205)	(6.0, 2.664961903869281)	(7.0, 2.11539880974845)	(8.0, 1.8481002131652169)	(9.0, 1.559988740353953)	('>10', 15.872371564217472)	('>50', 4.181510336778313)	('>100', 7.99853408149901)	('>500', 3.001592874125873)	('>1k', 5.114528838307335)	('>5k', 0.5523227260956707)	('>10k+', 0.43915750528126934)
ERR579141_1	(1.0, 29.99116130972883)	(2.0, 6.977450506629197)	(3.0, 3.6513356748952894)	(4.0, 2.4490360370670943)	(5.0, 1.760581666649979)	(6.0, 1.4453808952182212)	(7.0, 1.2037162727422395)	(8.0, 1.0324498805691011)	(9.0, 0.8928958258318758)	('>10', 14.790776436438517)	('>50', 7.506268774020169)	('>100', 17.505733449041696)	('>500', 5.098996067061875)	('>1k', 4.380320530836741)	('>5k', 0.31400072603537776)	('>10k+', 0.9998959472338704)
ERR579141_2	(1.0, 32.24419450618719)	(2.0, 6.874201264248347)	(3.0, 3.543173776583157)	(4.0, 2.359915845687229)	(5.0, 1.6871498117776809)	(6.0, 1.4012083956882335)	(7.0, 1.1455722804544748)	(8.0, 1.0054835034656022)	(9.0, 0.8888829618560452)	('>10', 14.46854549006797)	('>50', 7.386628463835914)	('>100', 17.008652989751543)	('>500', 4.99453317350061)	('>1k', 4.2926619359733)	('>5k', 0.3441168953245212)	('>10k+', 0.35507870559825394)
ERR579142_1	(1.0, 20.01251595689556)	(2.0, 4.11742520498218)	(3.0, 2.0922501939228324)	(4.0, 1.345007763761793)	(5.0, 1.0348556642544668)	(6.0, 0.8108818052381059)	(7.0, 0.7013360499753702)	(8.0, 0.5993452855604592)	(9.0, 0.5354164128795577)	('>10', 8.833998215348622)	('>50', 4.337567899833209)	('>100', 10.267722746687506)	('>500', 3.451922686818308)	('>1k', 4.19778095961626)	('>5k', 1.0454017299605105)	('>10k+', 36.61657142426524)
ERR579142_2	(1.0, 44.36606239229114)	(2.0, 4.578172765793418)	(3.0, 2.291961503422575)	(4.0, 1.43276556002472)	(5.0, 1.0760349492941468)	(6.0, 0.8107209872810432)	(7.0, 0.6760993769991603)	(8.0, 0.5750556622101463)	(9.0, 0.4910676380928435)	('>10', 7.963960199095005)	('>50', 3.9144881253134938)	('>100', 9.694481372161885)	('>500', 3.3315360016639497)	('>1k', 4.031340036350739)	('>5k', 0.9207927441817908)	('>10k+', 13.845460685823804)
ERR579143_1	(1.0, 27.15304097224936)	(2.0, 4.54942313529863)	(3.0, 2.3251604538567276)	(4.0, 1.5452200951777768)	(5.0, 1.2262817400528538)	(6.0, 0.9414875124486897)	(7.0, 0.8237814084386736)	(8.0, 0.7255062929977572)	(9.0, 0.6049957663755685)	('>10', 11.10354987362495)	('>50', 5.162807810476973)	('>100', 10.301048502479517)	('>500', 2.8047577317097425)	('>1k', 2.84949159455495)	('>5k', 1.35871359090768)	('>10k+', 26.524733519350136)
ERR579143_2	(1.0, 59.06244136916744)	(2.0, 3.7846483539676434)	(3.0, 1.85014956932192)	(4.0, 1.2380819509165621)	(5.0, 0.8971557911892978)	(6.0, 0.7335669016654863)	(7.0, 0.5762318439871292)	(8.0, 0.5546322399837931)	(9.0, 0.4643820666327287)	('>10', 8.239366917599973)	('>50', 3.9742199299434766)	('>100', 8.338662629225476)	('>500', 2.0350411250331013)	('>1k', 1.6038690379877314)	('>5k', 0.43402556213716825)	('>10k+', 6.213524711241112)
ERR579144_1	(1.0, 20.789364064501353)	(2.0, 7.603984348043445)	(3.0, 4.224240930276932)	(4.0, 2.880810480295935)	(5.0, 2.191013013253186)	(6.0, 1.7859090044613748)	(7.0, 1.4212400664410023)	(8.0, 1.2602252029431456)	(9.0, 1.1491828826818167)	('>10', 15.03430130283919)	('>50', 6.106870176528647)	('>100', 13.85681258796733)	('>500', 5.604433638107309)	('>1k', 9.49154236650919)	('>5k', 3.1656755032393775)	('>10k+', 3.4343944319107007)
ERR579144_2	(1.0, 23.005410032494527)	(2.0, 7.444964020759487)	(3.0, 4.091827451400389)	(4.0, 2.754841040439486)	(5.0, 2.0662320454771876)	(6.0, 1.626047291295451)	(7.0, 1.388306861479539)	(8.0, 1.1757023570325824)	(9.0, 1.0190745294146015)	('>10', 14.26591071730107)	('>50', 5.7712782924792485)	('>100', 13.261115346454513)	('>500', 5.631754383610881)	('>1k', 10.73129252382519)	('>5k', 3.53827204915898)	('>10k+', 2.2279710573769194)
ERR579145_1	(1.0, 32.324061950073755)	(2.0, 12.336995593922822)	(3.0, 6.958083824565948)	(4.0, 4.685478610288218)	(5.0, 3.3849357515440035)	(6.0, 2.5901366993780215)	(7.0, 2.0804989577107547)	(8.0, 1.6502623124882654)	(9.0, 1.3769991022280672)	('>10', 14.243916534944766)	('>50', 4.325623434513233)	('>100', 8.576283470126027)	('>500', 2.4443563433966897)	('>1k', 2.679804573401606)	('>5k', 0.2810213634551969)	('>10k+', 0.06154147796252944)
ERR579145_2	(1.0, 35.23804011263906)	(2.0, 12.820090260192101)	(3.0, 6.9131854336074285)	(4.0, 4.668059076232298)	(5.0, 3.344523691561532)	(6.0, 2.3674042606401433)	(7.0, 1.9030487007764199)	(8.0, 1.4489202595810176)	(9.0, 1.2373940911404087)	('>10', 12.702381405800923)	('>50', 4.152699998382436)	('>100', 8.421796373766863)	('>500', 2.376117741204268)	('>1k', 2.245222281198407)	('>5k', 0.16111631327667364)	('>10k+', 0.0)
ERR579146_1	(1.0, 24.636610449442788)	(2.0, 11.52788721925382)	(3.0, 6.994190341542712)	(4.0, 5.022444330573939)	(5.0, 3.650837130882958)	(6.0, 2.928011017288144)	(7.0, 2.4128365090325015)	(8.0, 1.9774405823277232)	(9.0, 1.731765940794547)	('>10', 20.382390456443076)	('>50', 5.810885232809477)	('>100', 8.84705982104726)	('>500', 2.1089346020244046)	('>1k', 1.7708388636096015)	('>5k', 0.14893567674369013)	('>10k+', 0.048931826183273075)
ERR579146_2	(1.0, 25.71681745501373)	(2.0, 11.705755182425207)	(3.0, 7.116206532831376)	(4.0, 5.103285407196651)	(5.0, 3.72356175060923)	(6.0, 3.036143726466936)	(7.0, 2.3860943392022373)	(8.0, 2.066441615091955)	(9.0, 1.7070213412574282)	('>10', 19.277190510133245)	('>50', 5.356702242664845)	('>100', 8.316899458733042)	('>500', 2.176190616568477)	('>1k', 2.0500744053167645)	('>5k', 0.1875799893165372)	('>10k+', 0.07403542717260095)
ERR579147_1	(1.0, 27.436732908387707)	(2.0, 12.138141248152957)	(3.0, 6.963745274096151)	(4.0, 4.713637907220778)	(5.0, 3.479433660431436)	(6.0, 2.583542698856904)	(7.0, 2.1407009869224436)	(8.0, 1.7573426293039343)	(9.0, 1.4718923989696355)	('>10', 15.71027827091172)	('>50', 4.253610660813386)	('>100', 8.166629763904961)	('>500', 2.9901022170255644)	('>1k', 5.1672098210850805)	('>5k', 0.7422660012856847)	('>10k+', 0.28473355263162503)
ERR579147_2	(1.0, 29.29394443416669)	(2.0, 12.47202873370394)	(3.0, 7.165455511800473)	(4.0, 4.713209796336056)	(5.0, 3.3920119400211135)	(6.0, 2.6011256118541866)	(7.0, 2.0282548953623856)	(8.0, 1.5953605633419379)	(9.0, 1.4612791987535652)	('>10', 14.2224817911875)	('>50', 3.8532399481620225)	('>100', 7.786611914105097)	('>500', 3.1936734074475863)	('>1k', 5.249972879078037)	('>5k', 0.5529810658458484)	('>10k+', 0.41836830883372167)
ERR579148_1	(1.0, 16.28961589651892)	(2.0, 10.835053107252744)	(3.0, 7.24707173268119)	(4.0, 4.839197081330133)	(5.0, 3.6490205069563277)	(6.0, 2.7848590366894044)	(7.0, 2.2624830321862657)	(8.0, 1.88295551581066)	(9.0, 1.5241459615558097)	('>10', 17.65183492652621)	('>50', 5.279505786969068)	('>100', 10.685626262107812)	('>500', 4.402405395270003)	('>1k', 7.6406361476147895)	('>5k', 1.3463786690243384)	('>10k+', 1.6792109415063317)
ERR579148_2	(1.0, 19.08182317650072)	(2.0, 10.805956083981801)	(3.0, 7.322018175087767)	(4.0, 4.940864666845316)	(5.0, 3.66971981120904)	(6.0, 2.820304567950495)	(7.0, 2.266266324266273)	(8.0, 1.8180176411383746)	(9.0, 1.5595605388929206)	('>10', 16.308409382534045)	('>50', 4.639835530963915)	('>100', 10.204162122449413)	('>500', 4.425447377611454)	('>1k', 7.566741562829173)	('>5k', 0.9406790611008724)	('>10k+', 1.63019397663817)
ERR579149_1	(1.0, 28.25402711557526)	(2.0, 6.918438539585052)	(3.0, 3.678122165066864)	(4.0, 2.4635862884697555)	(5.0, 1.8551588938897732)	(6.0, 1.4692669540158665)	(7.0, 1.2292040013508208)	(8.0, 1.0780084610063334)	(9.0, 0.9410192225467521)	('>10', 15.530604642903642)	('>50', 7.685382989831002)	('>100', 17.09280607646911)	('>500', 4.760449703825764)	('>1k', 4.304988229781876)	('>5k', 0.16418078562965818)	('>10k+', 2.5747559300524463)
ERR579149_2	(1.0, 29.61631730421315)	(2.0, 6.563179858861297)	(3.0, 3.4697193259239563)	(4.0, 2.3048799191912845)	(5.0, 1.7794356014443469)	(6.0, 1.396692979779054)	(7.0, 1.204373393385331)	(8.0, 1.0243480450176676)	(9.0, 0.8912761214439372)	('>10', 14.432384456031333)	('>50', 7.240910865888346)	('>100', 17.9218649045185)	('>500', 5.606414419650279)	('>1k', 5.533112289324781)	('>5k', 0.19009776532265626)	('>10k+', 0.824992750004009)
ERR579150_1	(1.0, 28.92249516345995)	(2.0, 13.576659188868126)	(3.0, 8.150900346406448)	(4.0, 5.256199421233989)	(5.0, 3.931143664253149)	(6.0, 2.9842925688581046)	(7.0, 2.392416322253471)	(8.0, 1.9641009469385466)	(9.0, 1.6359599544518169)	('>10', 16.33888397930603)	('>50', 4.1012953819328635)	('>100', 6.8225111075385385)	('>500', 1.8062216994226297)	('>1k', 1.6414273288281607)	('>5k', 0.14589970479091235)	('>10k+', 0.32959322145745773)
ERR579150_2	(1.0, 31.10449321851924)	(2.0, 13.751431238932446)	(3.0, 8.185102750161848)	(4.0, 5.674417113010489)	(5.0, 3.864514687123499)	(6.0, 2.8944807878513275)	(7.0, 2.311873931100367)	(8.0, 1.8470527264952634)	(9.0, 1.5693594441116838)	('>10', 14.554695908549553)	('>50', 3.653918138325147)	('>100', 6.5594574528167024)	('>500', 1.7641490908020911)	('>1k', 1.716695529142517)	('>5k', 0.24513403262544226)	('>10k+', 0.3032239504326802)
ERR579151_1	(1.0, 25.355121606133295)	(2.0, 11.622856615909665)	(3.0, 6.700930530355712)	(4.0, 4.641746242067322)	(5.0, 3.478336358806431)	(6.0, 2.6893758488754944)	(7.0, 2.188991100184293)	(8.0, 1.800847442646801)	(9.0, 1.455036046234588)	('>10', 16.087436702653477)	('>50', 4.378479225617619)	('>100', 8.819917305881635)	('>500', 3.499464954778432)	('>1k', 5.838655020839137)	('>5k', 1.1428583932580072)	('>10k+', 0.29994660575809706)
ERR579151_2	(1.0, 27.365658361331075)	(2.0, 12.038953282918847)	(3.0, 7.004595059088417)	(4.0, 4.64417724878286)	(5.0, 3.3568491933097655)	(6.0, 2.6906790443449644)	(7.0, 2.05717786317377)	(8.0, 1.6957499766695225)	(9.0, 1.4536897977847374)	('>10', 14.558113084462821)	('>50', 4.009570971550819)	('>100', 8.421495445534541)	('>500', 3.3611905792860575)	('>1k', 6.035627089523526)	('>5k', 0.9768787666261152)	('>10k+', 0.3295942356119673)
ERR579152_1	(1.0, 33.76893323125296)	(2.0, 7.279741305999428)	(3.0, 3.5897415795145124)	(4.0, 2.368620460232533)	(5.0, 1.7987709544329231)	(6.0, 1.4499121585121602)	(7.0, 1.199501671576929)	(8.0, 1.0256384052774665)	(9.0, 0.919348517664058)	('>10', 15.319465611868113)	('>50', 7.3361434563218735)	('>100', 15.517573574825203)	('>500', 4.039988283466664)	('>1k', 3.3931515894188498)	('>5k', 0.09615831257264527)	('>10k+', 0.897310887063591)
ERR579152_2	(1.0, 34.00773703285988)	(2.0, 6.773800160320009)	(3.0, 3.4105513419423796)	(4.0, 2.2045525550872638)	(5.0, 1.6680977907230488)	(6.0, 1.2971168985697599)	(7.0, 1.1471953362291702)	(8.0, 0.9301121906654879)	(9.0, 0.8540437653639047)	('>10', 14.158068795477197)	('>50', 7.222611916462057)	('>100', 16.399651479939386)	('>500', 4.83281987044327)	('>1k', 4.64770997819577)	('>5k', 0.18281610142173638)	('>10k+', 0.2631147862995989)
ERR579153_1	(1.0, 20.51658635601841)	(2.0, 11.839701394698448)	(3.0, 7.265668608110229)	(4.0, 5.107959831398003)	(5.0, 3.911573002975389)	(6.0, 2.9848482456923042)	(7.0, 2.3951327533205147)	(8.0, 2.0161041572237948)	(9.0, 1.8109481429796606)	('>10', 19.407732476950436)	('>50', 5.720164735380702)	('>100', 10.44792273781266)	('>500', 2.8750864139021526)	('>1k', 2.8180246826106945)	('>5k', 0.2571781607124167)	('>10k+', 0.6253683002143535)
ERR579153_2	(1.0, 22.45742400183517)	(2.0, 11.884593211946832)	(3.0, 7.802065827069912)	(4.0, 5.262690660075895)	(5.0, 3.848843317961336)	(6.0, 2.919480310389364)	(7.0, 2.4187149611601826)	(8.0, 2.0078362230554614)	(9.0, 1.6049687587435653)	('>10', 17.94925634156473)	('>50', 5.434798127880965)	('>100', 10.044241514766448)	('>500', 2.702673420603604)	('>1k', 2.6976099794749144)	('>5k', 0.3714599868977394)	('>10k+', 0.5933433565738414)
ERR579154_1	(1.0, 25.25134635298668)	(2.0, 14.227431607336937)	(3.0, 8.22395817945636)	(4.0, 5.430434679451103)	(5.0, 3.8859248286222865)	(6.0, 2.9959635183805426)	(7.0, 2.3754120477730334)	(8.0, 1.9195137916374179)	(9.0, 1.6817520678881572)	('>10', 16.66715805484029)	('>50', 4.256852483411217)	('>100', 7.3634297154041)	('>500', 2.344624828941193)	('>1k', 2.641003472620092)	('>5k', 0.24096565145621604)	('>10k+', 0.4942287197944764)
ERR579154_2	(1.0, 27.4114576708278)	(2.0, 14.299465091629513)	(3.0, 8.485672985662335)	(4.0, 5.575545181206523)	(5.0, 3.953222474294206)	(6.0, 2.9501834229821675)	(7.0, 2.30812986926849)	(8.0, 1.925337561847084)	(9.0, 1.655158070705965)	('>10', 14.981864489007728)	('>50', 3.6102085987117274)	('>100', 7.133252070804017)	('>500', 2.3455266239015637)	('>1k', 2.507021636897152)	('>5k', 0.3283748306712366)	('>10k+', 0.5295794215824501)
ERR579155_1	(1.0, 45.683415904180336)	(2.0, 13.73658196068831)	(3.0, 5.604320717071586)	(4.0, 3.09057953124989)	(5.0, 2.059050406172644)	(6.0, 1.521069880505679)	(7.0, 1.142398722449802)	(8.0, 0.915726911747864)	(9.0, 0.7798494698876842)	('>10', 8.767641040420502)	('>50', 2.7878564964357673)	('>100', 4.308638686730511)	('>500', 0.6537230450373848)	('>1k', 0.7539251462666233)	('>5k', 0.42405541979598116)	('>10k+', 7.771166661359599)
ERR579155_2	(1.0, 48.91959975539964)	(2.0, 13.525883452254547)	(3.0, 5.796613099932022)	(4.0, 3.1124874097964845)	(5.0, 2.0909510766895463)	(6.0, 1.4942958910119204)	(7.0, 1.167237789485561)	(8.0, 0.9487226456192179)	(9.0, 0.7875633308578373)	('>10', 8.992749499697233)	('>50', 2.860939396450788)	('>100', 4.3191448840190505)	('>500', 0.697454554053189)	('>1k', 0.7959661997504084)	('>5k', 0.493604432232711)	('>10k+', 3.9967865827498756)
