Sample	0	1	2	3	4	5	6	7	8	9	10	11	12	13	14	15	16	17	18	19	20	21	22	23	24	25	26	27	28	29	30
SRR10898041_1	(15.0, 10.0)	(16.0, 41.0)	(17.0, 192.0)	(18.0, 780.0)	(19.0, 2554.0)	(20.0, 6409.0)	(21.0, 12749.0)	(22.0, 22929.0)	(23.0, 37733.0)	(24.0, 60282.0)	(25.0, 91303.0)	(26.0, 129982.0)	(27.0, 178922.0)	(28.0, 234012.0)	(29.0, 296893.0)	(30.0, 367402.0)	(31.0, 445027.0)	(32.0, 531772.0)	(33.0, 632791.0)	(34.0, 751487.0)	(35.0, 902963.0)	(36.0, 1110838.0)	(37.0, 1430326.0)	(38.0, 2016427.0)	(39.0, 3613973.0)	(40.0, 15408499.0)					
SRR10898041_2	(10.0, 2.0)	(11.0, 5.0)	(12.0, 54.0)	(13.0, 446.0)	(14.0, 2782.0)	(15.0, 13466.0)	(16.0, 43705.0)	(17.0, 93498.0)	(18.0, 145104.0)	(19.0, 189331.0)	(20.0, 227932.0)	(21.0, 263175.0)	(22.0, 298537.0)	(23.0, 336113.0)	(24.0, 374851.0)	(25.0, 416313.0)	(26.0, 459556.0)	(27.0, 509073.0)	(28.0, 564403.0)	(29.0, 623482.0)	(30.0, 696106.0)	(31.0, 777055.0)	(32.0, 877161.0)	(33.0, 1001496.0)	(34.0, 1155953.0)	(35.0, 1369511.0)	(36.0, 1673834.0)	(37.0, 2150068.0)	(38.0, 2998365.0)	(39.0, 4853878.0)	(40.0, 6171041.0)
SRR10898042_1	(14.0, 3.0)	(15.0, 17.0)	(16.0, 105.0)	(17.0, 539.0)	(18.0, 2276.0)	(19.0, 7138.0)	(20.0, 16688.0)	(21.0, 31452.0)	(22.0, 51131.0)	(23.0, 78661.0)	(24.0, 114511.0)	(25.0, 161869.0)	(26.0, 219522.0)	(27.0, 284927.0)	(28.0, 360132.0)	(29.0, 443054.0)	(30.0, 531369.0)	(31.0, 629115.0)	(32.0, 738343.0)	(33.0, 862347.0)	(34.0, 1012368.0)	(35.0, 1208343.0)	(36.0, 1477671.0)	(37.0, 1897736.0)	(38.0, 2673398.0)	(39.0, 4770019.0)	(40.0, 18630406.0)				
SRR10898042_2	(10.0, 4.0)	(11.0, 11.0)	(12.0, 120.0)	(13.0, 735.0)	(14.0, 4561.0)	(15.0, 22677.0)	(16.0, 72903.0)	(17.0, 151374.0)	(18.0, 228482.0)	(19.0, 294384.0)	(20.0, 352763.0)	(21.0, 405049.0)	(22.0, 457022.0)	(23.0, 513235.0)	(24.0, 570182.0)	(25.0, 625900.0)	(26.0, 687607.0)	(27.0, 752660.0)	(28.0, 820564.0)	(29.0, 893227.0)	(30.0, 980456.0)	(31.0, 1080676.0)	(32.0, 1203627.0)	(33.0, 1361737.0)	(34.0, 1560795.0)	(35.0, 1832027.0)	(36.0, 2215527.0)	(37.0, 2797444.0)	(38.0, 3793243.0)	(39.0, 5784619.0)	(40.0, 6739529.0)
SRR10898043_1	(14.0, 2.0)	(15.0, 17.0)	(16.0, 110.0)	(17.0, 414.0)	(18.0, 1815.0)	(19.0, 5876.0)	(20.0, 13850.0)	(21.0, 26261.0)	(22.0, 43303.0)	(23.0, 66915.0)	(24.0, 98184.0)	(25.0, 139495.0)	(26.0, 190147.0)	(27.0, 248166.0)	(28.0, 315349.0)	(29.0, 389258.0)	(30.0, 466631.0)	(31.0, 551995.0)	(32.0, 647609.0)	(33.0, 756486.0)	(34.0, 890991.0)	(35.0, 1062110.0)	(36.0, 1295080.0)	(37.0, 1660893.0)	(38.0, 2340733.0)	(39.0, 4185215.0)	(40.0, 16551417.0)				
SRR10898043_2	(11.0, 7.0)	(12.0, 69.0)	(13.0, 582.0)	(14.0, 3612.0)	(15.0, 18463.0)	(16.0, 60928.0)	(17.0, 125716.0)	(18.0, 191198.0)	(19.0, 247732.0)	(20.0, 295986.0)	(21.0, 342679.0)	(22.0, 389426.0)	(23.0, 439719.0)	(24.0, 488033.0)	(25.0, 539631.0)	(26.0, 594143.0)	(27.0, 651099.0)	(28.0, 711107.0)	(29.0, 775341.0)	(30.0, 849750.0)	(31.0, 935767.0)	(32.0, 1044918.0)	(33.0, 1178558.0)	(34.0, 1354045.0)	(35.0, 1588319.0)	(36.0, 1917984.0)	(37.0, 2424270.0)	(38.0, 3308248.0)	(39.0, 5138591.0)	(40.0, 6332401.0)	
SRR10898044_1	(12.0, 1.0)	(13.0, 1.0)	(14.0, 2.0)	(15.0, 12.0)	(16.0, 71.0)	(17.0, 277.0)	(18.0, 1119.0)	(19.0, 3707.0)	(20.0, 8760.0)	(21.0, 17841.0)	(22.0, 31883.0)	(23.0, 52631.0)	(24.0, 82819.0)	(25.0, 124272.0)	(26.0, 175210.0)	(27.0, 235239.0)	(28.0, 305241.0)	(29.0, 384075.0)	(30.0, 469337.0)	(31.0, 562300.0)	(32.0, 667258.0)	(33.0, 786651.0)	(34.0, 930625.0)	(35.0, 1117209.0)	(36.0, 1369646.0)	(37.0, 1762432.0)	(38.0, 2481348.0)	(39.0, 4457619.0)	(40.0, 17651738.0)		
SRR10898044_2	(10.0, 1.0)	(11.0, 6.0)	(12.0, 61.0)	(13.0, 605.0)	(14.0, 3855.0)	(15.0, 19038.0)	(16.0, 62177.0)	(17.0, 128761.0)	(18.0, 194239.0)	(19.0, 250649.0)	(20.0, 298030.0)	(21.0, 344517.0)	(22.0, 390553.0)	(23.0, 438697.0)	(24.0, 488773.0)	(25.0, 539772.0)	(26.0, 597722.0)	(27.0, 659175.0)	(28.0, 727024.0)	(29.0, 803132.0)	(30.0, 887781.0)	(31.0, 986382.0)	(32.0, 1108604.0)	(33.0, 1254047.0)	(34.0, 1445374.0)	(35.0, 1699436.0)	(36.0, 2056891.0)	(37.0, 2614848.0)	(38.0, 3597337.0)	(39.0, 5604516.0)	(40.0, 6477321.0)
SRR10898045_1	(14.0, 2.0)	(15.0, 14.0)	(16.0, 149.0)	(17.0, 577.0)	(18.0, 2486.0)	(19.0, 7609.0)	(20.0, 17925.0)	(21.0, 33675.0)	(22.0, 55659.0)	(23.0, 84810.0)	(24.0, 123499.0)	(25.0, 172555.0)	(26.0, 231467.0)	(27.0, 299787.0)	(28.0, 376727.0)	(29.0, 462154.0)	(30.0, 550077.0)	(31.0, 648886.0)	(32.0, 758662.0)	(33.0, 886587.0)	(34.0, 1040746.0)	(35.0, 1237002.0)	(36.0, 1508174.0)	(37.0, 1931214.0)	(38.0, 2705948.0)	(39.0, 4776131.0)	(40.0, 18461077.0)				
SRR10898045_2	(10.0, 2.0)	(11.0, 16.0)	(12.0, 102.0)	(13.0, 782.0)	(14.0, 4572.0)	(15.0, 24324.0)	(16.0, 79703.0)	(17.0, 162602.0)	(18.0, 242279.0)	(19.0, 309084.0)	(20.0, 367649.0)	(21.0, 420721.0)	(22.0, 475042.0)	(23.0, 532751.0)	(24.0, 591329.0)	(25.0, 649512.0)	(26.0, 712573.0)	(27.0, 779654.0)	(28.0, 848434.0)	(29.0, 921103.0)	(30.0, 1008671.0)	(31.0, 1111417.0)	(32.0, 1235189.0)	(33.0, 1390570.0)	(34.0, 1590399.0)	(35.0, 1857056.0)	(36.0, 2223188.0)	(37.0, 2787807.0)	(38.0, 3748773.0)	(39.0, 5688560.0)	(40.0, 6609735.0)
SRR10898046_1	(13.0, 2.0)	(14.0, 1.0)	(15.0, 17.0)	(16.0, 123.0)	(17.0, 432.0)	(18.0, 1671.0)	(19.0, 5026.0)	(20.0, 11766.0)	(21.0, 22944.0)	(22.0, 39344.0)	(23.0, 62858.0)	(24.0, 96691.0)	(25.0, 140257.0)	(26.0, 195431.0)	(27.0, 259306.0)	(28.0, 331559.0)	(29.0, 413059.0)	(30.0, 503291.0)	(31.0, 600086.0)	(32.0, 707128.0)	(33.0, 833475.0)	(34.0, 985526.0)	(35.0, 1177333.0)	(36.0, 1444480.0)	(37.0, 1857967.0)	(38.0, 2620145.0)	(39.0, 4675373.0)	(40.0, 18264636.0)			
SRR10898046_2	(10.0, 1.0)	(11.0, 9.0)	(12.0, 75.0)	(13.0, 624.0)	(14.0, 4139.0)	(15.0, 19852.0)	(16.0, 62098.0)	(17.0, 125832.0)	(18.0, 191811.0)	(19.0, 246746.0)	(20.0, 295536.0)	(21.0, 342629.0)	(22.0, 390910.0)	(23.0, 441058.0)	(24.0, 494170.0)	(25.0, 549697.0)	(26.0, 610256.0)	(27.0, 677187.0)	(28.0, 750589.0)	(29.0, 832599.0)	(30.0, 925451.0)	(31.0, 1034747.0)	(32.0, 1168372.0)	(33.0, 1330315.0)	(34.0, 1536677.0)	(35.0, 1811987.0)	(36.0, 2198232.0)	(37.0, 2781348.0)	(38.0, 3787991.0)	(39.0, 5813727.0)	(40.0, 6825262.0)
SRR10898047_1	(14.0, 2.0)	(15.0, 14.0)	(16.0, 104.0)	(17.0, 402.0)	(18.0, 1668.0)	(19.0, 5210.0)	(20.0, 12190.0)	(21.0, 23142.0)	(22.0, 38776.0)	(23.0, 60659.0)	(24.0, 91872.0)	(25.0, 132748.0)	(26.0, 182329.0)	(27.0, 238881.0)	(28.0, 306707.0)	(29.0, 381237.0)	(30.0, 460732.0)	(31.0, 547911.0)	(32.0, 646726.0)	(33.0, 758442.0)	(34.0, 894502.0)	(35.0, 1067596.0)	(36.0, 1310276.0)	(37.0, 1682598.0)	(38.0, 2369272.0)	(39.0, 4225797.0)	(40.0, 16750110.0)				
SRR10898047_2	(11.0, 17.0)	(12.0, 84.0)	(13.0, 667.0)	(14.0, 3923.0)	(15.0, 19893.0)	(16.0, 65168.0)	(17.0, 132923.0)	(18.0, 199080.0)	(19.0, 256052.0)	(20.0, 303630.0)	(21.0, 348377.0)	(22.0, 395993.0)	(23.0, 440694.0)	(24.0, 488676.0)	(25.0, 540918.0)	(26.0, 595068.0)	(27.0, 653631.0)	(28.0, 716512.0)	(29.0, 786156.0)	(30.0, 864338.0)	(31.0, 957564.0)	(32.0, 1068873.0)	(33.0, 1212163.0)	(34.0, 1389711.0)	(35.0, 1633717.0)	(36.0, 1972950.0)	(37.0, 2492004.0)	(38.0, 3376232.0)	(39.0, 5175744.0)	(40.0, 6099145.0)	
SRR10898048_1	(14.0, 1.0)	(15.0, 19.0)	(16.0, 47.0)	(17.0, 232.0)	(18.0, 896.0)	(19.0, 2880.0)	(20.0, 7376.0)	(21.0, 14616.0)	(22.0, 25684.0)	(23.0, 42528.0)	(24.0, 67361.0)	(25.0, 99759.0)	(26.0, 141433.0)	(27.0, 192877.0)	(28.0, 251860.0)	(29.0, 317684.0)	(30.0, 390824.0)	(31.0, 470472.0)	(32.0, 559106.0)	(33.0, 662627.0)	(34.0, 785369.0)	(35.0, 943444.0)	(36.0, 1158388.0)	(37.0, 1496526.0)	(38.0, 2109820.0)	(39.0, 3781951.0)	(40.0, 15928358.0)				
SRR10898048_2	(11.0, 10.0)	(12.0, 40.0)	(13.0, 354.0)	(14.0, 2365.0)	(15.0, 12244.0)	(16.0, 42024.0)	(17.0, 90189.0)	(18.0, 141740.0)	(19.0, 186059.0)	(20.0, 225290.0)	(21.0, 263208.0)	(22.0, 300378.0)	(23.0, 340239.0)	(24.0, 381074.0)	(25.0, 425645.0)	(26.0, 473090.0)	(27.0, 525308.0)	(28.0, 583153.0)	(29.0, 646879.0)	(30.0, 722666.0)	(31.0, 807626.0)	(32.0, 912743.0)	(33.0, 1046617.0)	(34.0, 1209957.0)	(35.0, 1437298.0)	(36.0, 1758202.0)	(37.0, 2255204.0)	(38.0, 3144746.0)	(39.0, 5078115.0)	(40.0, 6439675.0)	
SRR10898049_1	(14.0, 5.0)	(15.0, 18.0)	(16.0, 113.0)	(17.0, 497.0)	(18.0, 1731.0)	(19.0, 5045.0)	(20.0, 11277.0)	(21.0, 21490.0)	(22.0, 37272.0)	(23.0, 59933.0)	(24.0, 90503.0)	(25.0, 131781.0)	(26.0, 182551.0)	(27.0, 241198.0)	(28.0, 309707.0)	(29.0, 385163.0)	(30.0, 468927.0)	(31.0, 557925.0)	(32.0, 657178.0)	(33.0, 774400.0)	(34.0, 912874.0)	(35.0, 1090466.0)	(36.0, 1338842.0)	(37.0, 1726361.0)	(38.0, 2443340.0)	(39.0, 4415284.0)	(40.0, 16601378.0)				
SRR10898049_2	(10.0, 1.0)	(11.0, 9.0)	(12.0, 80.0)	(13.0, 656.0)	(14.0, 3912.0)	(15.0, 19260.0)	(16.0, 62022.0)	(17.0, 125315.0)	(18.0, 188979.0)	(19.0, 241161.0)	(20.0, 287253.0)	(21.0, 332411.0)	(22.0, 375232.0)	(23.0, 421432.0)	(24.0, 470545.0)	(25.0, 520721.0)	(26.0, 575856.0)	(27.0, 637675.0)	(28.0, 703859.0)	(29.0, 778329.0)	(30.0, 863585.0)	(31.0, 965800.0)	(32.0, 1087385.0)	(33.0, 1239294.0)	(34.0, 1432120.0)	(35.0, 1690643.0)	(36.0, 2050122.0)	(37.0, 2592516.0)	(38.0, 3490763.0)	(39.0, 5208143.0)	(40.0, 6100180.0)
SRR10898050_1	(14.0, 3.0)	(15.0, 17.0)	(16.0, 126.0)	(17.0, 413.0)	(18.0, 1366.0)	(19.0, 4165.0)	(20.0, 9318.0)	(21.0, 18340.0)	(22.0, 32066.0)	(23.0, 51637.0)	(24.0, 79373.0)	(25.0, 115420.0)	(26.0, 162590.0)	(27.0, 213781.0)	(28.0, 274490.0)	(29.0, 342540.0)	(30.0, 416039.0)	(31.0, 496341.0)	(32.0, 585795.0)	(33.0, 689953.0)	(34.0, 813366.0)	(35.0, 976562.0)	(36.0, 1202812.0)	(37.0, 1551886.0)	(38.0, 2207710.0)	(39.0, 4029457.0)	(40.0, 14974270.0)				
SRR10898050_2	(10.0, 2.0)	(11.0, 6.0)	(12.0, 86.0)	(13.0, 627.0)	(14.0, 3515.0)	(15.0, 16471.0)	(16.0, 53262.0)	(17.0, 108138.0)	(18.0, 163475.0)	(19.0, 210136.0)	(20.0, 250806.0)	(21.0, 288385.0)	(22.0, 328854.0)	(23.0, 369680.0)	(24.0, 413094.0)	(25.0, 460918.0)	(26.0, 509733.0)	(27.0, 564785.0)	(28.0, 626064.0)	(29.0, 693058.0)	(30.0, 772890.0)	(31.0, 865794.0)	(32.0, 978155.0)	(33.0, 1120118.0)	(34.0, 1301804.0)	(35.0, 1543220.0)	(36.0, 1884119.0)	(37.0, 2396075.0)	(38.0, 3225851.0)	(39.0, 4761183.0)	(40.0, 5339532.0)
SRR10898051_1	(13.0, 2.0)	(14.0, 2.0)	(15.0, 11.0)	(16.0, 93.0)	(17.0, 368.0)	(18.0, 1385.0)	(19.0, 4082.0)	(20.0, 9686.0)	(21.0, 19182.0)	(22.0, 33391.0)	(23.0, 55138.0)	(24.0, 86121.0)	(25.0, 128131.0)	(26.0, 180672.0)	(27.0, 243388.0)	(28.0, 315000.0)	(29.0, 397267.0)	(30.0, 488027.0)	(31.0, 583407.0)	(32.0, 692155.0)	(33.0, 819135.0)	(34.0, 969342.0)	(35.0, 1161538.0)	(36.0, 1423807.0)	(37.0, 1837785.0)	(38.0, 2590656.0)	(39.0, 4640144.0)	(40.0, 18565184.0)			
SRR10898051_2	(10.0, 3.0)	(11.0, 11.0)	(12.0, 103.0)	(13.0, 821.0)	(14.0, 5155.0)	(15.0, 27303.0)	(16.0, 91163.0)	(17.0, 184861.0)	(18.0, 268028.0)	(19.0, 331606.0)	(20.0, 381730.0)	(21.0, 430219.0)	(22.0, 475395.0)	(23.0, 524492.0)	(24.0, 576595.0)	(25.0, 626795.0)	(26.0, 681468.0)	(27.0, 744537.0)	(28.0, 811640.0)	(29.0, 887311.0)	(30.0, 974719.0)	(31.0, 1076547.0)	(32.0, 1200127.0)	(33.0, 1353121.0)	(34.0, 1550369.0)	(35.0, 1814370.0)	(36.0, 2183937.0)	(37.0, 2749067.0)	(38.0, 3716750.0)	(39.0, 5580202.0)	(40.0, 5996654.0)
SRR10898052_1	(13.0, 2.0)	(14.0, 1.0)	(15.0, 9.0)	(16.0, 88.0)	(17.0, 328.0)	(18.0, 1123.0)	(19.0, 3473.0)	(20.0, 8273.0)	(21.0, 16157.0)	(22.0, 28886.0)	(23.0, 48331.0)	(24.0, 74656.0)	(25.0, 111845.0)	(26.0, 159114.0)	(27.0, 213069.0)	(28.0, 277339.0)	(29.0, 350950.0)	(30.0, 430136.0)	(31.0, 517948.0)	(32.0, 613991.0)	(33.0, 727342.0)	(34.0, 862041.0)	(35.0, 1034918.0)	(36.0, 1269155.0)	(37.0, 1634238.0)	(38.0, 2311277.0)	(39.0, 4132824.0)	(40.0, 16817577.0)			
SRR10898052_2	(10.0, 2.0)	(11.0, 9.0)	(12.0, 63.0)	(13.0, 597.0)	(14.0, 3452.0)	(15.0, 17206.0)	(16.0, 56560.0)	(17.0, 116673.0)	(18.0, 177815.0)	(19.0, 227354.0)	(20.0, 271048.0)	(21.0, 310758.0)	(22.0, 352263.0)	(23.0, 393523.0)	(24.0, 439157.0)	(25.0, 485519.0)	(26.0, 535505.0)	(27.0, 590740.0)	(28.0, 653350.0)	(29.0, 722092.0)	(30.0, 800186.0)	(31.0, 893771.0)	(32.0, 1003491.0)	(33.0, 1144849.0)	(34.0, 1320895.0)	(35.0, 1558264.0)	(36.0, 1895434.0)	(37.0, 2414572.0)	(38.0, 3319552.0)	(39.0, 5236018.0)	(40.0, 6704373.0)
SRR10898053_1	(12.0, 1.0)	(13.0, 1.0)	(14.0, 0.0)	(15.0, 9.0)	(16.0, 57.0)	(17.0, 246.0)	(18.0, 1061.0)	(19.0, 3131.0)	(20.0, 7841.0)	(21.0, 15922.0)	(22.0, 27710.0)	(23.0, 46284.0)	(24.0, 72664.0)	(25.0, 108900.0)	(26.0, 156691.0)	(27.0, 213777.0)	(28.0, 280207.0)	(29.0, 355268.0)	(30.0, 439664.0)	(31.0, 533470.0)	(32.0, 639515.0)	(33.0, 758927.0)	(34.0, 901750.0)	(35.0, 1084573.0)	(36.0, 1333755.0)	(37.0, 1719164.0)	(38.0, 2428196.0)	(39.0, 4352488.0)	(40.0, 18372827.0)		
SRR10898053_2	(10.0, 4.0)	(11.0, 10.0)	(12.0, 89.0)	(13.0, 761.0)	(14.0, 4459.0)	(15.0, 20751.0)	(16.0, 69970.0)	(17.0, 144666.0)	(18.0, 219345.0)	(19.0, 278710.0)	(20.0, 327336.0)	(21.0, 370741.0)	(22.0, 413533.0)	(23.0, 458318.0)	(24.0, 504108.0)	(25.0, 550697.0)	(26.0, 602635.0)	(27.0, 657955.0)	(28.0, 721663.0)	(29.0, 793361.0)	(30.0, 873515.0)	(31.0, 968728.0)	(32.0, 1084470.0)	(33.0, 1230369.0)	(34.0, 1411910.0)	(35.0, 1660701.0)	(36.0, 2014815.0)	(37.0, 2568921.0)	(38.0, 3542863.0)	(39.0, 5601829.0)	(40.0, 6756866.0)
SRR10898054_1	(12.0, 1.0)	(13.0, 0.0)	(14.0, 1.0)	(15.0, 12.0)	(16.0, 59.0)	(17.0, 221.0)	(18.0, 914.0)	(19.0, 3050.0)	(20.0, 7711.0)	(21.0, 15418.0)	(22.0, 26645.0)	(23.0, 43658.0)	(24.0, 68549.0)	(25.0, 101487.0)	(26.0, 144119.0)	(27.0, 194616.0)	(28.0, 253722.0)	(29.0, 321274.0)	(30.0, 395725.0)	(31.0, 478693.0)	(32.0, 572522.0)	(33.0, 678702.0)	(34.0, 806985.0)	(35.0, 973375.0)	(36.0, 1200606.0)	(37.0, 1551195.0)	(38.0, 2192304.0)	(39.0, 3956768.0)	(40.0, 16684202.0)		
SRR10898054_2	(10.0, 3.0)	(11.0, 10.0)	(12.0, 59.0)	(13.0, 429.0)	(14.0, 2953.0)	(15.0, 16621.0)	(16.0, 59839.0)	(17.0, 129471.0)	(18.0, 199031.0)	(19.0, 256423.0)	(20.0, 300928.0)	(21.0, 343653.0)	(22.0, 383072.0)	(23.0, 423961.0)	(24.0, 467999.0)	(25.0, 511812.0)	(26.0, 558133.0)	(27.0, 610637.0)	(28.0, 669469.0)	(29.0, 733839.0)	(30.0, 808573.0)	(31.0, 895384.0)	(32.0, 1002818.0)	(33.0, 1132338.0)	(34.0, 1300575.0)	(35.0, 1529125.0)	(36.0, 1854830.0)	(37.0, 2362774.0)	(38.0, 3265698.0)	(39.0, 5078292.0)	(40.0, 5773785.0)
SRR10898055_1	(14.0, 2.0)	(15.0, 5.0)	(16.0, 31.0)	(17.0, 162.0)	(18.0, 756.0)	(19.0, 2713.0)	(20.0, 6682.0)	(21.0, 13571.0)	(22.0, 23598.0)	(23.0, 39010.0)	(24.0, 60493.0)	(25.0, 90285.0)	(26.0, 128705.0)	(27.0, 174013.0)	(28.0, 227627.0)	(29.0, 287945.0)	(30.0, 355243.0)	(31.0, 430253.0)	(32.0, 514251.0)	(33.0, 610987.0)	(34.0, 729367.0)	(35.0, 877581.0)	(36.0, 1079872.0)	(37.0, 1396406.0)	(38.0, 1969190.0)	(39.0, 3531342.0)	(40.0, 14994535.0)				
SRR10898055_2	(10.0, 1.0)	(11.0, 3.0)	(12.0, 35.0)	(13.0, 313.0)	(14.0, 2149.0)	(15.0, 12289.0)	(16.0, 45220.0)	(17.0, 99750.0)	(18.0, 158225.0)	(19.0, 206670.0)	(20.0, 246265.0)	(21.0, 282555.0)	(22.0, 319229.0)	(23.0, 355695.0)	(24.0, 394869.0)	(25.0, 436259.0)	(26.0, 477577.0)	(27.0, 524602.0)	(28.0, 578261.0)	(29.0, 636782.0)	(30.0, 703566.0)	(31.0, 784843.0)	(32.0, 877652.0)	(33.0, 997928.0)	(34.0, 1149773.0)	(35.0, 1356188.0)	(36.0, 1645975.0)	(37.0, 2103267.0)	(38.0, 2917971.0)	(39.0, 4639356.0)	(40.0, 5591357.0)
SRR10898056_1	(14.0, 3.0)	(15.0, 14.0)	(16.0, 94.0)	(17.0, 343.0)	(18.0, 1394.0)	(19.0, 4034.0)	(20.0, 9415.0)	(21.0, 18328.0)	(22.0, 31743.0)	(23.0, 51190.0)	(24.0, 78473.0)	(25.0, 114946.0)	(26.0, 160453.0)	(27.0, 215465.0)	(28.0, 280241.0)	(29.0, 351085.0)	(30.0, 430084.0)	(31.0, 516230.0)	(32.0, 615952.0)	(33.0, 729008.0)	(34.0, 862868.0)	(35.0, 1036845.0)	(36.0, 1274507.0)	(37.0, 1642802.0)	(38.0, 2325618.0)	(39.0, 4191816.0)	(40.0, 16654404.0)				
SRR10898056_2	(10.0, 2.0)	(11.0, 10.0)	(12.0, 81.0)	(13.0, 513.0)	(14.0, 2861.0)	(15.0, 12327.0)	(16.0, 40048.0)	(17.0, 86658.0)	(18.0, 137456.0)	(19.0, 182813.0)	(20.0, 224355.0)	(21.0, 262581.0)	(22.0, 302128.0)	(23.0, 343828.0)	(24.0, 386758.0)	(25.0, 432760.0)	(26.0, 482316.0)	(27.0, 538061.0)	(28.0, 600462.0)	(29.0, 670074.0)	(30.0, 748255.0)	(31.0, 842527.0)	(32.0, 957190.0)	(33.0, 1097039.0)	(34.0, 1278854.0)	(35.0, 1522411.0)	(36.0, 1868229.0)	(37.0, 2396636.0)	(38.0, 3310646.0)	(39.0, 5285459.0)	(40.0, 7584017.0)
SRR10898057_1	(13.0, 1.0)	(14.0, 2.0)	(15.0, 6.0)	(16.0, 57.0)	(17.0, 259.0)	(18.0, 1135.0)	(19.0, 3484.0)	(20.0, 8509.0)	(21.0, 16312.0)	(22.0, 28025.0)	(23.0, 45392.0)	(24.0, 69870.0)	(25.0, 104070.0)	(26.0, 146982.0)	(27.0, 198495.0)	(28.0, 259446.0)	(29.0, 328105.0)	(30.0, 403767.0)	(31.0, 486752.0)	(32.0, 580579.0)	(33.0, 689727.0)	(34.0, 820044.0)	(35.0, 985059.0)	(36.0, 1214683.0)	(37.0, 1563999.0)	(38.0, 2208760.0)	(39.0, 3954240.0)	(40.0, 16757912.0)			
SRR10898057_2	(11.0, 5.0)	(12.0, 58.0)	(13.0, 353.0)	(14.0, 2612.0)	(15.0, 14300.0)	(16.0, 49446.0)	(17.0, 108100.0)	(18.0, 167964.0)	(19.0, 220457.0)	(20.0, 263999.0)	(21.0, 304125.0)	(22.0, 345987.0)	(23.0, 386145.0)	(24.0, 430928.0)	(25.0, 475574.0)	(26.0, 524856.0)	(27.0, 578643.0)	(28.0, 638287.0)	(29.0, 704987.0)	(30.0, 780776.0)	(31.0, 871740.0)	(32.0, 977703.0)	(33.0, 1112047.0)	(34.0, 1284598.0)	(35.0, 1515522.0)	(36.0, 1846459.0)	(37.0, 2359211.0)	(38.0, 3264512.0)	(39.0, 5196878.0)	(40.0, 6449400.0)	
SRR10898058_1	(15.0, 5.0)	(16.0, 35.0)	(17.0, 198.0)	(18.0, 825.0)	(19.0, 2772.0)	(20.0, 7155.0)	(21.0, 14496.0)	(22.0, 25296.0)	(23.0, 41944.0)	(24.0, 65361.0)	(25.0, 98146.0)	(26.0, 139966.0)	(27.0, 190153.0)	(28.0, 249835.0)	(29.0, 316320.0)	(30.0, 391505.0)	(31.0, 474689.0)	(32.0, 567364.0)	(33.0, 675663.0)	(34.0, 804183.0)	(35.0, 968419.0)	(36.0, 1193803.0)	(37.0, 1539622.0)	(38.0, 2176241.0)	(39.0, 3904821.0)	(40.0, 16674870.0)					
SRR10898058_2	(11.0, 5.0)	(12.0, 48.0)	(13.0, 361.0)	(14.0, 2121.0)	(15.0, 11653.0)	(16.0, 42792.0)	(17.0, 96221.0)	(18.0, 154053.0)	(19.0, 202382.0)	(20.0, 245712.0)	(21.0, 284206.0)	(22.0, 323687.0)	(23.0, 363569.0)	(24.0, 404507.0)	(25.0, 450529.0)	(26.0, 497803.0)	(27.0, 551670.0)	(28.0, 608983.0)	(29.0, 674711.0)	(30.0, 751267.0)	(31.0, 839938.0)	(32.0, 946935.0)	(33.0, 1081117.0)	(34.0, 1250856.0)	(35.0, 1483117.0)	(36.0, 1807851.0)	(37.0, 2317944.0)	(38.0, 3232523.0)	(39.0, 5219139.0)	(40.0, 6677987.0)	
SRR10898059_1	(15.0, 16.0)	(16.0, 87.0)	(17.0, 339.0)	(18.0, 1255.0)	(19.0, 3632.0)	(20.0, 8569.0)	(21.0, 16441.0)	(22.0, 29089.0)	(23.0, 46722.0)	(24.0, 72079.0)	(25.0, 105975.0)	(26.0, 146824.0)	(27.0, 197003.0)	(28.0, 254217.0)	(29.0, 319657.0)	(30.0, 389582.0)	(31.0, 468321.0)	(32.0, 554724.0)	(33.0, 655102.0)	(34.0, 776166.0)	(35.0, 934105.0)	(36.0, 1151180.0)	(37.0, 1484409.0)	(38.0, 2110259.0)	(39.0, 3824800.0)	(40.0, 14763157.0)					
SRR10898059_2	(11.0, 6.0)	(12.0, 77.0)	(13.0, 578.0)	(14.0, 3523.0)	(15.0, 17392.0)	(16.0, 57056.0)	(17.0, 118896.0)	(18.0, 179408.0)	(19.0, 229441.0)	(20.0, 271688.0)	(21.0, 310929.0)	(22.0, 348269.0)	(23.0, 388264.0)	(24.0, 430934.0)	(25.0, 474634.0)	(26.0, 521183.0)	(27.0, 572262.0)	(28.0, 629869.0)	(29.0, 694720.0)	(30.0, 770664.0)	(31.0, 858612.0)	(32.0, 964981.0)	(33.0, 1098372.0)	(34.0, 1267910.0)	(35.0, 1495631.0)	(36.0, 1812399.0)	(37.0, 2288611.0)	(38.0, 3055450.0)	(39.0, 4506980.0)	(40.0, 4944971.0)	
SRR10898060_1	(15.0, 17.0)	(16.0, 84.0)	(17.0, 283.0)	(18.0, 1143.0)	(19.0, 3565.0)	(20.0, 8697.0)	(21.0, 17132.0)	(22.0, 29312.0)	(23.0, 47503.0)	(24.0, 71777.0)	(25.0, 103859.0)	(26.0, 144944.0)	(27.0, 194010.0)	(28.0, 249744.0)	(29.0, 314806.0)	(30.0, 384852.0)	(31.0, 464240.0)	(32.0, 550479.0)	(33.0, 650266.0)	(34.0, 773524.0)	(35.0, 925705.0)	(36.0, 1135071.0)	(37.0, 1458369.0)	(38.0, 2042672.0)	(39.0, 3652492.0)	(40.0, 14697281.0)					
SRR10898060_2	(10.0, 2.0)	(11.0, 11.0)	(12.0, 54.0)	(13.0, 480.0)	(14.0, 3008.0)	(15.0, 19027.0)	(16.0, 71388.0)	(17.0, 153351.0)	(18.0, 230450.0)	(19.0, 286235.0)	(20.0, 329992.0)	(21.0, 368116.0)	(22.0, 403756.0)	(23.0, 440653.0)	(24.0, 476775.0)	(25.0, 514385.0)	(26.0, 556071.0)	(27.0, 600929.0)	(28.0, 649231.0)	(29.0, 701757.0)	(30.0, 766312.0)	(31.0, 842673.0)	(32.0, 930958.0)	(33.0, 1045603.0)	(34.0, 1190250.0)	(35.0, 1387141.0)	(36.0, 1669340.0)	(37.0, 2109780.0)	(38.0, 2884535.0)	(39.0, 4396836.0)	(40.0, 4892728.0)
SRR10898061_1	(14.0, 1.0)	(15.0, 24.0)	(16.0, 85.0)	(17.0, 336.0)	(18.0, 1099.0)	(19.0, 3377.0)	(20.0, 7886.0)	(21.0, 15149.0)	(22.0, 26080.0)	(23.0, 41521.0)	(24.0, 63224.0)	(25.0, 92240.0)	(26.0, 129152.0)	(27.0, 173182.0)	(28.0, 226574.0)	(29.0, 283787.0)	(30.0, 349021.0)	(31.0, 422703.0)	(32.0, 504500.0)	(33.0, 599517.0)	(34.0, 714529.0)	(35.0, 858169.0)	(36.0, 1058030.0)	(37.0, 1361802.0)	(38.0, 1917556.0)	(39.0, 3437705.0)	(40.0, 14135343.0)				
SRR10898061_2	(10.0, 1.0)	(11.0, 6.0)	(12.0, 69.0)	(13.0, 494.0)	(14.0, 2618.0)	(15.0, 16419.0)	(16.0, 59882.0)	(17.0, 129447.0)	(18.0, 196399.0)	(19.0, 248898.0)	(20.0, 288306.0)	(21.0, 322519.0)	(22.0, 356896.0)	(23.0, 390202.0)	(24.0, 424743.0)	(25.0, 461186.0)	(26.0, 501200.0)	(27.0, 544012.0)	(28.0, 588542.0)	(29.0, 640661.0)	(30.0, 700096.0)	(31.0, 771816.0)	(32.0, 859798.0)	(33.0, 965655.0)	(34.0, 1104787.0)	(35.0, 1289746.0)	(36.0, 1559589.0)	(37.0, 1982332.0)	(38.0, 2728651.0)	(39.0, 4244402.0)	(40.0, 5043220.0)
SRR10898063_1	(13.0, 2.0)	(14.0, 0.0)	(15.0, 10.0)	(16.0, 66.0)	(17.0, 250.0)	(18.0, 1072.0)	(19.0, 3563.0)	(20.0, 8756.0)	(21.0, 16996.0)	(22.0, 29654.0)	(23.0, 48116.0)	(24.0, 74070.0)	(25.0, 110554.0)	(26.0, 154877.0)	(27.0, 209476.0)	(28.0, 272816.0)	(29.0, 345919.0)	(30.0, 424834.0)	(31.0, 512600.0)	(32.0, 609981.0)	(33.0, 721145.0)	(34.0, 855161.0)	(35.0, 1027351.0)	(36.0, 1265135.0)	(37.0, 1625538.0)	(38.0, 2287083.0)	(39.0, 4094032.0)	(40.0, 17183197.0)			
SRR10898063_2	(11.0, 7.0)	(12.0, 54.0)	(13.0, 441.0)	(14.0, 2868.0)	(15.0, 13435.0)	(16.0, 45241.0)	(17.0, 99847.0)	(18.0, 155779.0)	(19.0, 205647.0)	(20.0, 248101.0)	(21.0, 287832.0)	(22.0, 328249.0)	(23.0, 369633.0)	(24.0, 413967.0)	(25.0, 460384.0)	(26.0, 511493.0)	(27.0, 566486.0)	(28.0, 627202.0)	(29.0, 695737.0)	(30.0, 777166.0)	(31.0, 869632.0)	(32.0, 980929.0)	(33.0, 1122125.0)	(34.0, 1301369.0)	(35.0, 1539308.0)	(36.0, 1882020.0)	(37.0, 2409442.0)	(38.0, 3339468.0)	(39.0, 5396598.0)	(40.0, 7231794.0)	
SRR10898064_1	(15.0, 15.0)	(16.0, 94.0)	(17.0, 331.0)	(18.0, 1105.0)	(19.0, 3587.0)	(20.0, 8664.0)	(21.0, 17300.0)	(22.0, 30653.0)	(23.0, 50391.0)	(24.0, 78959.0)	(25.0, 117679.0)	(26.0, 165875.0)	(27.0, 223541.0)	(28.0, 291120.0)	(29.0, 366167.0)	(30.0, 451111.0)	(31.0, 542319.0)	(32.0, 646747.0)	(33.0, 766471.0)	(34.0, 911493.0)	(35.0, 1093881.0)	(36.0, 1347407.0)	(37.0, 1740632.0)	(38.0, 2460495.0)	(39.0, 4454161.0)	(40.0, 17568666.0)					
SRR10898064_2	(10.0, 2.0)	(11.0, 12.0)	(12.0, 90.0)	(13.0, 654.0)	(14.0, 3944.0)	(15.0, 20161.0)	(16.0, 66505.0)	(17.0, 140216.0)	(18.0, 212878.0)	(19.0, 271896.0)	(20.0, 318625.0)	(21.0, 362090.0)	(22.0, 406595.0)	(23.0, 449954.0)	(24.0, 497510.0)	(25.0, 545324.0)	(26.0, 597316.0)	(27.0, 656120.0)	(28.0, 720077.0)	(29.0, 792793.0)	(30.0, 875407.0)	(31.0, 973153.0)	(32.0, 1091541.0)	(33.0, 1240600.0)	(34.0, 1433130.0)	(35.0, 1689071.0)	(36.0, 2051189.0)	(37.0, 2611929.0)	(38.0, 3577117.0)	(39.0, 5491402.0)	(40.0, 6241563.0)
SRR10898065_1	(13.0, 1.0)	(14.0, 1.0)	(15.0, 11.0)	(16.0, 132.0)	(17.0, 425.0)	(18.0, 1390.0)	(19.0, 3857.0)	(20.0, 9087.0)	(21.0, 17367.0)	(22.0, 29713.0)	(23.0, 47445.0)	(24.0, 73092.0)	(25.0, 106436.0)	(26.0, 148271.0)	(27.0, 197888.0)	(28.0, 254466.0)	(29.0, 318401.0)	(30.0, 388321.0)	(31.0, 465412.0)	(32.0, 552410.0)	(33.0, 651883.0)	(34.0, 772192.0)	(35.0, 927599.0)	(36.0, 1139246.0)	(37.0, 1470015.0)	(38.0, 2084653.0)	(39.0, 3763076.0)	(40.0, 14834198.0)			
SRR10898065_2	(11.0, 11.0)	(12.0, 89.0)	(13.0, 651.0)	(14.0, 3602.0)	(15.0, 17318.0)	(16.0, 56041.0)	(17.0, 116079.0)	(18.0, 176816.0)	(19.0, 225269.0)	(20.0, 265610.0)	(21.0, 303594.0)	(22.0, 342622.0)	(23.0, 379323.0)	(24.0, 420687.0)	(25.0, 462817.0)	(26.0, 507126.0)	(27.0, 555462.0)	(28.0, 610783.0)	(29.0, 668848.0)	(30.0, 739984.0)	(31.0, 820338.0)	(32.0, 919277.0)	(33.0, 1040549.0)	(34.0, 1196716.0)	(35.0, 1405124.0)	(36.0, 1696218.0)	(37.0, 2143637.0)	(38.0, 2907733.0)	(39.0, 4477848.0)	(40.0, 5796816.0)	
SRR10898066_1	(13.0, 1.0)	(14.0, 3.0)	(15.0, 21.0)	(16.0, 97.0)	(17.0, 351.0)	(18.0, 1181.0)	(19.0, 3558.0)	(20.0, 8626.0)	(21.0, 16844.0)	(22.0, 29515.0)	(23.0, 47627.0)	(24.0, 72993.0)	(25.0, 108268.0)	(26.0, 152113.0)	(27.0, 203180.0)	(28.0, 264442.0)	(29.0, 332676.0)	(30.0, 406763.0)	(31.0, 489281.0)	(32.0, 581372.0)	(33.0, 686971.0)	(34.0, 814488.0)	(35.0, 976888.0)	(36.0, 1202470.0)	(37.0, 1550250.0)	(38.0, 2187352.0)	(39.0, 3933484.0)	(40.0, 15546870.0)			
SRR10898066_2	(10.0, 2.0)	(11.0, 5.0)	(12.0, 53.0)	(13.0, 444.0)	(14.0, 2756.0)	(15.0, 12666.0)	(16.0, 40458.0)	(17.0, 85736.0)	(18.0, 133375.0)	(19.0, 178207.0)	(20.0, 219112.0)	(21.0, 256703.0)	(22.0, 294751.0)	(23.0, 334841.0)	(24.0, 376864.0)	(25.0, 421737.0)	(26.0, 471703.0)	(27.0, 524059.0)	(28.0, 586252.0)	(29.0, 652980.0)	(30.0, 731954.0)	(31.0, 822966.0)	(32.0, 933567.0)	(33.0, 1073500.0)	(34.0, 1250124.0)	(35.0, 1488995.0)	(36.0, 1824395.0)	(37.0, 2339151.0)	(38.0, 3217147.0)	(39.0, 5039606.0)	(40.0, 6303576.0)
SRR10898067_1	(13.0, 1.0)	(14.0, 2.0)	(15.0, 3.0)	(16.0, 42.0)	(17.0, 159.0)	(18.0, 832.0)	(19.0, 2782.0)	(20.0, 7184.0)	(21.0, 14078.0)	(22.0, 24876.0)	(23.0, 41171.0)	(24.0, 64872.0)	(25.0, 97024.0)	(26.0, 137553.0)	(27.0, 187174.0)	(28.0, 245746.0)	(29.0, 311028.0)	(30.0, 383439.0)	(31.0, 465498.0)	(32.0, 554078.0)	(33.0, 658441.0)	(34.0, 784416.0)	(35.0, 943727.0)	(36.0, 1163821.0)	(37.0, 1502244.0)	(38.0, 2118444.0)	(39.0, 3805360.0)	(40.0, 16240617.0)			
SRR10898067_2	(11.0, 6.0)	(12.0, 44.0)	(13.0, 401.0)	(14.0, 2287.0)	(15.0, 11856.0)	(16.0, 40474.0)	(17.0, 88375.0)	(18.0, 139846.0)	(19.0, 185431.0)	(20.0, 224939.0)	(21.0, 262246.0)	(22.0, 300286.0)	(23.0, 337685.0)	(24.0, 379054.0)	(25.0, 422361.0)	(26.0, 469790.0)	(27.0, 521897.0)	(28.0, 578899.0)	(29.0, 643130.0)	(30.0, 717863.0)	(31.0, 806612.0)	(32.0, 912440.0)	(33.0, 1045255.0)	(34.0, 1213193.0)	(35.0, 1439809.0)	(36.0, 1762166.0)	(37.0, 2268263.0)	(38.0, 3164613.0)	(39.0, 5139284.0)	(40.0, 6676107.0)	
SRR10898068_1	(13.0, 1.0)	(14.0, 1.0)	(15.0, 20.0)	(16.0, 111.0)	(17.0, 355.0)	(18.0, 1247.0)	(19.0, 4041.0)	(20.0, 9536.0)	(21.0, 18575.0)	(22.0, 31691.0)	(23.0, 50867.0)	(24.0, 78883.0)	(25.0, 115095.0)	(26.0, 161015.0)	(27.0, 213937.0)	(28.0, 276194.0)	(29.0, 346242.0)	(30.0, 423815.0)	(31.0, 509581.0)	(32.0, 604286.0)	(33.0, 713339.0)	(34.0, 845409.0)	(35.0, 1012520.0)	(36.0, 1247679.0)	(37.0, 1608703.0)	(38.0, 2275808.0)	(39.0, 4102612.0)	(40.0, 16406399.0)			
SRR10898068_2	(11.0, 5.0)	(12.0, 70.0)	(13.0, 500.0)	(14.0, 3094.0)	(15.0, 13727.0)	(16.0, 43007.0)	(17.0, 91252.0)	(18.0, 143093.0)	(19.0, 189396.0)	(20.0, 230607.0)	(21.0, 269598.0)	(22.0, 310085.0)	(23.0, 353084.0)	(24.0, 396331.0)	(25.0, 442812.0)	(26.0, 494044.0)	(27.0, 551197.0)	(28.0, 613626.0)	(29.0, 683673.0)	(30.0, 766301.0)	(31.0, 862978.0)	(32.0, 978713.0)	(33.0, 1122182.0)	(34.0, 1310080.0)	(35.0, 1556352.0)	(36.0, 1913937.0)	(37.0, 2457028.0)	(38.0, 3387011.0)	(39.0, 5328575.0)	(40.0, 6545604.0)	
