Sample	0	1	2	3	4	5	6	7	8	9	10	11	12	13	14	15
SRR10898041_1	(1.0, 57.48369941278641)	(2.0, 10.060226939796275)	(3.0, 2.796300827951295)	(4.0, 1.3101881358183953)	(5.0, 0.8586159547666967)	(6.0, 0.6111377472293472)	(7.0, 0.5022664302300087)	(8.0, 0.3868442296017955)	(9.0, 0.34497781258677085)	('>10', 4.686064409480848)	('>50', 1.9590961325783165)	('>100', 5.467458950265117)	('>500', 2.9787427012638523)	('>1k', 6.325466531322962)	('>5k', 1.5582098935290545)	('>10k+', 2.670703890792724)
SRR10898041_2	(1.0, 61.03341950522312)	(2.0, 9.292138502150692)	(3.0, 2.592622695400646)	(4.0, 1.1677158550942568)	(5.0, 0.8027753037535356)	(6.0, 0.5973681683088203)	(7.0, 0.4806679180004666)	(8.0, 0.39280320884045317)	(9.0, 0.3580016931179325)	('>10', 4.54710260683218)	('>50', 1.9719242333438685)	('>100', 5.214361823339553)	('>500', 2.6795502619145517)	('>1k', 5.413349961173903)	('>5k', 1.4355572019904599)	('>10k+', 2.020641061515536)
SRR10898042_1	(1.0, 42.04811130039153)	(2.0, 9.427716352933158)	(3.0, 2.7486521193326783)	(4.0, 1.1781900023959915)	(5.0, 0.6738186807187738)	(6.0, 0.5049845942817518)	(7.0, 0.3995931303385215)	(8.0, 0.331198579484369)	(9.0, 0.27455377229478417)	('>10', 3.8133822500281496)	('>50', 1.769140992240082)	('>100', 6.43023746313173)	('>500', 4.208957901467913)	('>1k', 10.331675727419725)	('>5k', 3.6711396056232157)	('>10k+', 12.18864752791752)
SRR10898042_2	(1.0, 46.281653287837706)	(2.0, 8.823851006605734)	(3.0, 2.606530803970466)	(4.0, 1.0473283561377464)	(5.0, 0.7084862117351824)	(6.0, 0.533152307532843)	(7.0, 0.4084622912088316)	(8.0, 0.34440846170481537)	(9.0, 0.2905581680369292)	('>10', 4.203297756851599)	('>50', 1.909534498851478)	('>100', 6.448844912653456)	('>500', 4.034501954570785)	('>1k', 9.244376018438611)	('>5k', 3.168704779800284)	('>10k+', 9.946309184063603)
SRR10898043_1	(1.0, 37.893789660046515)	(2.0, 7.1757520985561705)	(3.0, 2.0661500357210634)	(4.0, 0.9634198880119914)	(5.0, 0.606360759382087)	(6.0, 0.4321318262006645)	(7.0, 0.3600710380341773)	(8.0, 0.31761629640137296)	(9.0, 0.2647125351170199)	('>10', 3.955205740543344)	('>50', 1.9145917310220588)	('>100', 7.666312896158282)	('>500', 5.439032007013771)	('>1k', 12.994584066637113)	('>5k', 4.537917700527596)	('>10k+', 13.412351720626983)
SRR10898043_2	(1.0, 42.23306841771307)	(2.0, 6.860382219820512)	(3.0, 1.9655242130882864)	(4.0, 0.9481977959892883)	(5.0, 0.6413575836659716)	(6.0, 0.4937560296994878)	(7.0, 0.3747935154031526)	(8.0, 0.3031572233250423)	(9.0, 0.28810918769690297)	('>10', 4.278713183580298)	('>50', 2.136980939923326)	('>100', 7.742980616826058)	('>500', 5.1374422053703555)	('>1k', 11.475092940525569)	('>5k', 3.9138468373522453)	('>10k+', 11.206597090020459)
SRR10898044_1	(1.0, 38.383024253996325)	(2.0, 7.459918520605916)	(3.0, 2.058410622642679)	(4.0, 0.949430736919114)	(5.0, 0.6149476957430506)	(6.0, 0.4607192648050063)	(7.0, 0.3626765887492833)	(8.0, 0.3295611701961966)	(9.0, 0.2609363423425551)	('>10', 4.198425396019803)	('>50', 1.9530714191531025)	('>100', 6.603070680844787)	('>500', 4.5876847474187)	('>1k', 11.764393007793801)	('>5k', 4.433353736084269)	('>10k+', 15.580375816685246)
SRR10898044_2	(1.0, 42.77283372731092)	(2.0, 7.022313749873882)	(3.0, 1.9931633411053715)	(4.0, 0.9445086758272383)	(5.0, 0.5952472666558081)	(6.0, 0.44575191699183614)	(7.0, 0.39135362720337685)	(8.0, 0.32641703740635575)	(9.0, 0.27492714620771197)	('>10', 4.495762682809462)	('>50', 2.0891295339352776)	('>100', 6.742998902009881)	('>500', 4.499151733259003)	('>1k', 10.54572807932672)	('>5k', 3.7498927827273225)	('>10k+', 13.110819797349778)
SRR10898045_1	(1.0, 39.7516986777109)	(2.0, 8.337876352772838)	(3.0, 2.4757421913688846)	(4.0, 1.141319996476277)	(5.0, 0.6906582019877336)	(6.0, 0.5029933014730672)	(7.0, 0.37636200687603755)	(8.0, 0.317215803376468)	(9.0, 0.2686163779396345)	('>10', 3.6345970258487674)	('>50', 1.7843887160346323)	('>100', 6.810941400042495)	('>500', 4.959945943868401)	('>1k', 12.961299575859933)	('>5k', 4.752385523498375)	('>10k+', 11.233958904865672)
SRR10898045_2	(1.0, 44.088956564057774)	(2.0, 7.996461361921697)	(3.0, 2.2340616653618968)	(4.0, 1.089770020788416)	(5.0, 0.6783045612477784)	(6.0, 0.5145892004799564)	(7.0, 0.40391559509435515)	(8.0, 0.3387164261187297)	(9.0, 0.29050777681203777)	('>10', 4.033541562181381)	('>50', 1.966359861291288)	('>100', 7.0510690789602455)	('>500', 4.833354758604122)	('>1k', 11.30191047634028)	('>5k', 4.349152481588976)	('>10k+', 8.829328609150963)
SRR10898046_1	(1.0, 40.9865290877592)	(2.0, 8.358982847499629)	(3.0, 2.2939033545371537)	(4.0, 1.036413984221149)	(5.0, 0.663360245736115)	(6.0, 0.49944265073659777)	(7.0, 0.3789565019399674)	(8.0, 0.33281306574960007)	(9.0, 0.27009861607046964)	('>10', 4.070050470899395)	('>50', 1.9675044735168166)	('>100', 6.206314576342646)	('>500', 4.172207511288833)	('>1k', 11.9218612521832)	('>5k', 4.693223497823366)	('>10k+', 12.148337863695877)
SRR10898046_2	(1.0, 44.95433616623411)	(2.0, 7.974243326607536)	(3.0, 2.155163640081402)	(4.0, 1.0124617071415247)	(5.0, 0.6616219350781174)	(6.0, 0.48472518586103214)	(7.0, 0.38385576735139304)	(8.0, 0.3077264243163075)	(9.0, 0.27666762471166767)	('>10', 4.448198338129715)	('>50', 2.0503076601388197)	('>100', 6.2734188436193685)	('>500', 3.96308797126022)	('>1k', 10.916006501186832)	('>5k', 3.9835687227692937)	('>10k+', 10.154610185512622)
SRR10898047_1	(1.0, 42.37906563492343)	(2.0, 7.9215707250564025)	(3.0, 2.1499277462079993)	(4.0, 0.9647169317709351)	(5.0, 0.5904059428172794)	(6.0, 0.44776972280892463)	(7.0, 0.3434575437593811)	(8.0, 0.3031162821136819)	(9.0, 0.2797681394009354)	('>10', 3.9901826086873626)	('>50', 1.9037418202208913)	('>100', 6.667838746663706)	('>500', 4.621866316768189)	('>1k', 11.656667697893257)	('>5k', 4.5139866981342225)	('>10k+', 11.265917442773437)
SRR10898047_2	(1.0, 46.654659641156314)	(2.0, 7.480474608573605)	(3.0, 1.911554006199777)	(4.0, 0.965148137155766)	(5.0, 0.6547567142414811)	(6.0, 0.46161094754466164)	(7.0, 0.39739095689684684)	(8.0, 0.33578450379720115)	(9.0, 0.27681063804166817)	('>10', 4.283980210855068)	('>50', 1.978717758768454)	('>100', 6.698548609499684)	('>500', 4.339115035880122)	('>1k', 10.335451695284686)	('>5k', 3.8442132195779863)	('>10k+', 9.381783316526745)
SRR10898048_1	(1.0, 46.06925588562912)	(2.0, 8.58351439603101)	(3.0, 2.3690764726187243)	(4.0, 1.1251791159156845)	(5.0, 0.7195365437002327)	(6.0, 0.517690552092376)	(7.0, 0.4300217942039787)	(8.0, 0.33827258626695006)	(9.0, 0.2848930925332979)	('>10', 4.2614388922879085)	('>50', 1.989903000776346)	('>100', 6.048269001817228)	('>500', 3.6577037726986568)	('>1k', 9.361839185789506)	('>5k', 3.615736182757449)	('>10k+', 10.627669524881405)
SRR10898048_2	(1.0, 49.849396545166634)	(2.0, 8.042383587865197)	(3.0, 2.1964130246803086)	(4.0, 1.0973857473744848)	(5.0, 0.6959112848397553)	(6.0, 0.5562125333302828)	(7.0, 0.4242311689529225)	(8.0, 0.38476432755568774)	(9.0, 0.3060837957228588)	('>10', 4.437574171074858)	('>50', 2.023258172483334)	('>100', 6.074684179674362)	('>500', 3.4241310968454473)	('>1k', 8.5372202573049)	('>5k', 3.0685274395945488)	('>10k+', 8.88182266753414)
SRR10898049_1	(1.0, 36.35289172911932)	(2.0, 10.133864077649674)	(3.0, 3.007001995757567)	(4.0, 1.2131415845346991)	(5.0, 0.7086846591044391)	(6.0, 0.5053836616327303)	(7.0, 0.3750507997427138)	(8.0, 0.3411875621462389)	(9.0, 0.2808479328641915)	('>10', 4.304578903559777)	('>50', 1.9660337283625724)	('>100', 6.172335700929578)	('>500', 3.8684263331978275)	('>1k', 9.626513558825808)	('>5k', 4.69572657374731)	('>10k+', 16.448331198825507)
SRR10898049_2	(1.0, 40.99374138738149)	(2.0, 9.362761774318134)	(3.0, 2.7234418751494807)	(4.0, 1.214396415098286)	(5.0, 0.7182975573987795)	(6.0, 0.5042582981839376)	(7.0, 0.40184382218447917)	(8.0, 0.33797238674161983)	(9.0, 0.2954534583149782)	('>10', 4.5442204556805645)	('>50', 2.146334042774759)	('>100', 6.156910315796817)	('>500', 3.7282353051166734)	('>1k', 8.973543737917913)	('>5k', 3.8905124817555268)	('>10k+', 14.008076686186467)
SRR10898050_1	(1.0, 35.78625476642148)	(2.0, 10.150738558780139)	(3.0, 2.936402513870188)	(4.0, 1.171886125282644)	(5.0, 0.6582844525249869)	(6.0, 0.47568884537421097)	(7.0, 0.3673227713672669)	(8.0, 0.2954406278198302)	(9.0, 0.277662919250361)	('>10', 4.177099551705223)	('>50', 1.8903020059059508)	('>100', 6.044672812288732)	('>500', 3.638440070476005)	('>1k', 8.52475418769135)	('>5k', 4.087873335833262)	('>10k+', 19.51717645540832)
SRR10898050_2	(1.0, 41.07282453443707)	(2.0, 9.190197267703267)	(3.0, 2.582439201066891)	(4.0, 1.0081764070908492)	(5.0, 0.6116471720144241)	(6.0, 0.504042256706335)	(7.0, 0.4026654943555437)	(8.0, 0.33553000941920896)	(9.0, 0.30769562472290973)	('>10', 4.404251091938888)	('>50', 1.997629636013482)	('>100', 5.990067547769991)	('>500', 3.351532220340378)	('>1k', 7.684742331401289)	('>5k', 3.7493535324824343)	('>10k+', 16.807205672537)
SRR10898051_1	(1.0, 40.64967196377593)	(2.0, 8.249909459243815)	(3.0, 2.2713798671969183)	(4.0, 1.0468971835257637)	(5.0, 0.6718769410842829)	(6.0, 0.498769735293758)	(7.0, 0.3694869767847961)	(8.0, 0.31951890116336595)	(9.0, 0.2720451479696913)	('>10', 4.149598178056902)	('>50', 1.9506062482032793)	('>100', 6.44889408580398)	('>500', 4.2785929205663065)	('>1k', 10.972453345754586)	('>5k', 4.018149704680975)	('>10k+', 13.832149340895656)
SRR10898051_2	(1.0, 45.48355031735948)	(2.0, 7.567823905691283)	(3.0, 2.1938147133924026)	(4.0, 1.0754765407867868)	(5.0, 0.6462016180522286)	(6.0, 0.4930624364771086)	(7.0, 0.3986004585735973)	(8.0, 0.32621434586787573)	(9.0, 0.31962955600587994)	('>10', 4.585353086854637)	('>50', 2.1298139877437117)	('>100', 6.632932034833796)	('>500', 4.032296846995228)	('>1k', 9.509818847680222)	('>5k', 3.5542411956575473)	('>10k+', 11.051170108028323)
SRR10898052_1	(1.0, 45.448320610467015)	(2.0, 8.511898333452915)	(3.0, 2.2655350306223925)	(4.0, 1.0234166233227548)	(5.0, 0.624332609806976)	(6.0, 0.47559812653640754)	(7.0, 0.37586871599204275)	(8.0, 0.3110467939899183)	(9.0, 0.2640118107260601)	('>10', 3.958049625051053)	('>50', 1.872366459239538)	('>100', 6.434751644852733)	('>500', 4.313552120443474)	('>1k', 10.071644546964583)	('>5k', 3.6560867237840453)	('>10k+', 10.393520224748293)
SRR10898052_2	(1.0, 49.45330476874305)	(2.0, 7.903175300493621)	(3.0, 2.237183665545852)	(4.0, 0.9749313788123914)	(5.0, 0.6135850989143601)	(6.0, 0.446336835830466)	(7.0, 0.3862180628137177)	(8.0, 0.3069322556147295)	(9.0, 0.2810888237407164)	('>10', 4.100113554244171)	('>50', 1.9496105632032517)	('>100', 6.378593943454895)	('>500', 4.066292983519645)	('>1k', 8.972357065273368)	('>5k', 3.4415182458007045)	('>10k+', 8.488757453995158)
SRR10898053_1	(1.0, 51.22935681637896)	(2.0, 10.32767270323658)	(3.0, 2.9638719324030025)	(4.0, 1.3263779958621793)	(5.0, 0.8271547719935108)	(6.0, 0.5617751531235127)	(7.0, 0.4492720191842708)	(8.0, 0.36190205116678903)	(9.0, 0.3534919929751626)	('>10', 4.8888980436551)	('>50', 2.170656156835505)	('>100', 6.208168438254763)	('>500', 3.3498961271583765)	('>1k', 7.574937451131871)	('>5k', 2.3843346773866276)	('>10k+', 5.022233669253998)
SRR10898053_2	(1.0, 55.40481680862097)	(2.0, 9.683401539406383)	(3.0, 2.5758304333359967)	(4.0, 1.2462805015545453)	(5.0, 0.8137283024021496)	(6.0, 0.5570660286499665)	(7.0, 0.45429530817895847)	(8.0, 0.36989664754493534)	(9.0, 0.30567989507774906)	('>10', 4.950330891850781)	('>50', 2.270519092267451)	('>100', 5.955707799720648)	('>500', 2.986155255258996)	('>1k', 6.5874381121019)	('>5k', 1.8203100030136883)	('>10k+', 4.018543381014766)
SRR10898054_1	(1.0, 68.32927558921091)	(2.0, 11.537315488176107)	(3.0, 2.824809889363705)	(4.0, 1.145064740656816)	(5.0, 0.6503046610945648)	(6.0, 0.44526409670314565)	(7.0, 0.34934821554562356)	(8.0, 0.2587255505342355)	(9.0, 0.2403462543146895)	('>10', 3.010426262852451)	('>50', 1.0448596705677802)	('>100', 3.07345159086848)	('>500', 1.985669494034838)	('>1k', 3.9456306680277886)	('>5k', 0.8439083109144538)	('>10k+', 0.3155995171342699)
SRR10898054_2	(1.0, 71.94221745803236)	(2.0, 10.447208895000866)	(3.0, 2.383998076778481)	(4.0, 0.9933960922865853)	(5.0, 0.55784038180141)	(6.0, 0.42769121043565617)	(7.0, 0.31420743889203917)	(8.0, 0.25277413455467757)	(9.0, 0.23220779298992042)	('>10', 2.873614339920892)	('>50', 1.0253193596639791)	('>100', 2.8646942201193957)	('>500', 1.7059961075113719)	('>1k', 3.2192263169842597)	('>5k', 0.5811121920582135)	('>10k+', 0.1784959829698969)
SRR10898055_1	(1.0, 70.63612464229718)	(2.0, 10.863848080157691)	(3.0, 2.6004396643790653)	(4.0, 1.0933123345920643)	(5.0, 0.6067318825784598)	(6.0, 0.3819798337671779)	(7.0, 0.2813767158342487)	(8.0, 0.2553618607180031)	(9.0, 0.21211924608298927)	('>10', 2.9105834379713835)	('>50', 1.1160448076047964)	('>100', 3.0192493822995674)	('>500', 1.758428569781514)	('>1k', 3.3597398702424766)	('>5k', 0.616372265936737)	('>10k+', 0.2882874057566508)
SRR10898055_2	(1.0, 73.5651843939065)	(2.0, 9.906470357910855)	(3.0, 2.2887825684436427)	(4.0, 0.9213459696378851)	(5.0, 0.5384465628112651)	(6.0, 0.38359641135827455)	(7.0, 0.3057644027860145)	(8.0, 0.24682824773627918)	(9.0, 0.20401519444089833)	('>10', 2.8948388736344732)	('>50', 1.0550441382870117)	('>100', 2.8046680125704446)	('>500', 1.550848698208219)	('>1k', 2.7632432444645936)	('>5k', 0.4637096977057003)	('>10k+', 0.1072132260981025)
SRR10898056_1	(1.0, 61.25064288355554)	(2.0, 13.218383388973324)	(3.0, 3.3735539395854164)	(4.0, 1.2221833114813898)	(5.0, 0.6498083913042094)	(6.0, 0.45193625426660533)	(7.0, 0.3180148249825489)	(8.0, 0.2771990817413332)	(9.0, 0.2127891836826071)	('>10', 3.0878226257941703)	('>50', 1.2978859479452236)	('>100', 3.7366112507472313)	('>500', 1.7915282518528488)	('>1k', 4.690987380837322)	('>5k', 1.9029583735582773)	('>10k+', 2.517694909692004)
SRR10898056_2	(1.0, 64.22791076782588)	(2.0, 12.334392103977759)	(3.0, 2.9900283892989448)	(4.0, 1.073050155713341)	(5.0, 0.6468187171927133)	(6.0, 0.39079805940255624)	(7.0, 0.31593942861382357)	(8.0, 0.27273160565162663)	(9.0, 0.2165718822778947)	('>10', 3.00432508780031)	('>50', 1.2349603225010741)	('>100', 3.6621892701085903)	('>500', 1.6581637170571664)	('>1k', 4.190775238657158)	('>5k', 1.6199936564616157)	('>10k+', 2.1613515974596447)
SRR10898057_1	(1.0, 65.01264701249802)	(2.0, 11.146816379509442)	(3.0, 2.8340321827610775)	(4.0, 1.3077870410479338)	(5.0, 0.8768536264916407)	(6.0, 0.6150163988121276)	(7.0, 0.4525824230369369)	(8.0, 0.42827391008250254)	(9.0, 0.37775775195023525)	('>10', 4.5834281929672125)	('>50', 1.3198747583598511)	('>100', 3.170319447401402)	('>500', 1.804754630376863)	('>1k', 4.08333720048699)	('>5k', 1.1132255097820174)	('>10k+', 0.8732935344359325)
SRR10898057_2	(1.0, 68.16526741627031)	(2.0, 10.28912282837716)	(3.0, 2.561072959674462)	(4.0, 1.2205754322874427)	(5.0, 0.8211416294698068)	(6.0, 0.5697337781420717)	(7.0, 0.49259486357536375)	(8.0, 0.39347089173780836)	(9.0, 0.33746804359871263)	('>10', 4.382238177443516)	('>50', 1.207749421433177)	('>100', 2.960176817695303)	('>500', 1.6425667808649906)	('>1k', 3.547160270978182)	('>5k', 0.9746924481787143)	('>10k+', 0.4349682402729497)
SRR10898058_1	(1.0, 70.04251807377035)	(2.0, 11.411087632460442)	(3.0, 2.754281705759491)	(4.0, 1.0820987599880707)	(5.0, 0.6432845495251881)	(6.0, 0.3915803337025422)	(7.0, 0.3421930792765676)	(8.0, 0.2803133332008286)	(9.0, 0.20207870895933003)	('>10', 2.603003307116562)	('>50', 1.021022289442612)	('>100', 2.8449173955171743)	('>500', 1.6669195243625294)	('>1k', 3.5250189028813583)	('>5k', 0.820819575359351)	('>10k+', 0.3688628286775835)
SRR10898058_2	(1.0, 72.6509792648638)	(2.0, 10.462523056663658)	(3.0, 2.519417948989599)	(4.0, 0.9733163816952809)	(5.0, 0.5840943280466481)	(6.0, 0.3802519841767714)	(7.0, 0.31601673920673395)	(8.0, 0.22381076766449978)	(9.0, 0.20696715099530824)	('>10', 2.6539907281586235)	('>50', 0.9418986537445863)	('>100', 2.6733366289815677)	('>500', 1.5409075121165332)	('>1k', 3.08656591241466)	('>5k', 0.5556905690265193)	('>10k+', 0.23023237325515694)
SRR10898059_1	(1.0, 58.31736294158149)	(2.0, 12.60907852370895)	(3.0, 3.0730889480533676)	(4.0, 1.1106392195842705)	(5.0, 0.6050229799584299)	(6.0, 0.4110414677326939)	(7.0, 0.33330272020060786)	(8.0, 0.3074706550278218)	(9.0, 0.22401857329399935)	('>10', 3.127939005988238)	('>50', 1.24098177037063)	('>100', 3.539028785011139)	('>500', 1.7203656897808128)	('>1k', 4.789973309381819)	('>5k', 2.2299863015182315)	('>10k+', 6.360699108807499)
SRR10898059_2	(1.0, 62.47201610332298)	(2.0, 11.332107408529076)	(3.0, 2.6434356698002426)	(4.0, 0.9893800534489879)	(5.0, 0.525366211204595)	(6.0, 0.3798020989519719)	(7.0, 0.3158623949381736)	(8.0, 0.23937309122211833)	(9.0, 0.22845850417101687)	('>10', 3.153435996328459)	('>50', 1.2596780784790496)	('>100', 3.3973345758588893)	('>500', 1.5931528445921206)	('>1k', 4.26428396894815)	('>5k', 1.747841094429713)	('>10k+', 5.458471905774341)
SRR10898060_1	(1.0, 81.99276895913857)	(2.0, 9.21052261807422)	(3.0, 1.4114891260866231)	(4.0, 0.470740434934688)	(5.0, 0.3219752294879333)	(6.0, 0.25057435040204096)	(7.0, 0.1966906115287595)	(8.0, 0.16141551873164983)	(9.0, 0.14584838144200085)	('>10', 1.6962408513087297)	('>50', 0.6735088357525677)	('>100', 1.5061964213538197)	('>500', 0.6730728465108129)	('>1k', 1.0623172340208829)	('>5k', 0.12009425973065861)	('>10k+', 0.10654432149604291)
SRR10898060_2	(1.0, 84.28231881373702)	(2.0, 7.971703416744548)	(3.0, 1.196699030059998)	(4.0, 0.41149922455004884)	(5.0, 0.28869522376209655)	(6.0, 0.2347622973922731)	(7.0, 0.1716915184770335)	(8.0, 0.15312484749796673)	(9.0, 0.11057822469334926)	('>10', 1.640899883757028)	('>50', 0.5763352644804429)	('>100', 1.4059853469305938)	('>500', 0.5653005727903982)	('>1k', 0.8280375611078197)	('>5k', 0.07016307273298927)	('>10k+', 0.09220570128635151)
SRR10898061_1	(1.0, 81.65304970460595)	(2.0, 9.1909334589339)	(3.0, 1.4769699913890546)	(4.0, 0.5392352156033352)	(5.0, 0.3312914515694451)	(6.0, 0.23513678981592484)	(7.0, 0.21284045274326574)	(8.0, 0.17061439037489787)	(9.0, 0.14710242630043982)	('>10', 1.966317168897633)	('>50', 0.6729540666730508)	('>100', 1.6226816841561988)	('>500', 0.7193409379583708)	('>1k', 0.938645893633705)	('>5k', 0.08286265942864601)	('>10k+', 0.04002370791599842)
SRR10898061_2	(1.0, 83.81409324483049)	(2.0, 7.9825091981352)	(3.0, 1.3230606501295599)	(4.0, 0.48503986345536526)	(5.0, 0.3434737386809497)	(6.0, 0.2350606584881499)	(7.0, 0.21167918941794417)	(8.0, 0.16530006504505776)	(9.0, 0.143678975530739)	('>10', 1.812844397623525)	('>50', 0.6053010957295154)	('>100', 1.4978695669138495)	('>500', 0.5552767852204857)	('>1k', 0.7395662400085731)	('>5k', 0.08524633079067145)	('>10k+', 0.0)
SRR10898063_1	(1.0, 64.4470559538035)	(2.0, 11.486102742160119)	(3.0, 2.981377490794794)	(4.0, 1.2083732842992456)	(5.0, 0.7181032414956947)	(6.0, 0.5097980527089033)	(7.0, 0.3823465709934739)	(8.0, 0.3279193617428784)	(9.0, 0.28341758378244974)	('>10', 3.39968218910647)	('>50', 1.323604909466204)	('>100', 3.676226830519269)	('>500', 2.147204250251969)	('>1k', 5.18475642767392)	('>5k', 1.2167200494714911)	('>10k+', 0.70731106172963)
SRR10898063_2	(1.0, 67.42318378834298)	(2.0, 10.67520155680548)	(3.0, 2.6890083126271707)	(4.0, 1.1352015655644943)	(5.0, 0.6677000937392058)	(6.0, 0.45272772665692324)	(7.0, 0.34572505163017525)	(8.0, 0.30816696693773155)	(9.0, 0.24435942923472187)	('>10', 3.311558004156649)	('>50', 1.24682494009461)	('>100', 3.5262064596939884)	('>500', 2.051525819636823)	('>1k', 4.534120340713618)	('>5k', 0.9129751649007574)	('>10k+', 0.47551477926461094)
SRR10898064_1	(1.0, 58.97178228601153)	(2.0, 14.345690550395208)	(3.0, 3.9607463988554894)	(4.0, 1.4985446731334426)	(5.0, 0.7750342272309226)	(6.0, 0.5217541539484222)	(7.0, 0.3826388324914537)	(8.0, 0.3082576377972404)	(9.0, 0.24524934911697382)	('>10', 3.1409835901834784)	('>50', 1.1362602386181713)	('>100', 2.9995865788648794)	('>500', 1.419084387917153)	('>1k', 4.448171596284252)	('>5k', 2.2400304896306666)	('>10k+', 3.606185009520726)
SRR10898064_2	(1.0, 63.183683449339036)	(2.0, 12.915163500627838)	(3.0, 3.417939595328966)	(4.0, 1.2945744006164557)	(5.0, 0.6950199257097542)	(6.0, 0.45146090677074424)	(7.0, 0.34962772749935317)	(8.0, 0.2920142609401896)	(9.0, 0.2533362140120747)	('>10', 3.07452262831408)	('>50', 1.1022805332996957)	('>100', 2.872134638951182)	('>500', 1.3957022296797394)	('>1k', 3.9893781694895907)	('>5k', 1.8849575271200485)	('>10k+', 2.8282042923013706)
SRR10898065_1	(1.0, 56.414757397398674)	(2.0, 13.941069810332756)	(3.0, 3.6433332508387104)	(4.0, 1.272159800161453)	(5.0, 0.6698042897279926)	(6.0, 0.4411443784208876)	(7.0, 0.35800107748889165)	(8.0, 0.2797133545869068)	(9.0, 0.22981778995968608)	('>10', 3.2622387298727364)	('>50', 1.3935892011875626)	('>100', 4.160306911140211)	('>500', 2.2042463292093277)	('>1k', 5.909802553506916)	('>5k', 2.510238666597832)	('>10k+', 3.3097764595693926)
SRR10898065_2	(1.0, 60.528579751925136)	(2.0, 12.722884301989874)	(3.0, 3.149158997959706)	(4.0, 1.1865067644947598)	(5.0, 0.6157024617426305)	(6.0, 0.4496909357120441)	(7.0, 0.32821907050326504)	(8.0, 0.2684602882479981)	(9.0, 0.23695458911076003)	('>10', 3.273036846737303)	('>50', 1.4014715498924473)	('>100', 3.9899056481136204)	('>500', 2.0362311408719918)	('>1k', 5.069979577661073)	('>5k', 2.2085433696849117)	('>10k+', 2.534674705352536)
SRR10898066_1	(1.0, 61.80509501277513)	(2.0, 12.08518817559818)	(3.0, 2.86423908057989)	(4.0, 1.0550978529670658)	(5.0, 0.5786545551248962)	(6.0, 0.41440214684564447)	(7.0, 0.313846748785061)	(8.0, 0.29857284169033155)	(9.0, 0.23632531561177017)	('>10', 2.9976478019649626)	('>50', 1.2545058277393244)	('>100', 3.4536440495621683)	('>500', 1.9035771613647965)	('>1k', 5.134819539582328)	('>5k', 2.112789057105024)	('>10k+', 3.4915948327034894)
SRR10898066_2	(1.0, 64.87091905327836)	(2.0, 10.910011300356791)	(3.0, 2.6031085204380546)	(4.0, 0.9825530312115409)	(5.0, 0.5694556192321361)	(6.0, 0.42033466662121055)	(7.0, 0.3396206896467726)	(8.0, 0.21997737875882298)	(9.0, 0.22221088603723557)	('>10', 3.0335763874797306)	('>50', 1.2376983475528953)	('>100', 3.484129394232814)	('>500', 1.719120316965138)	('>1k', 4.668963813066559)	('>5k', 2.0209681088812075)	('>10k+', 2.6973524862408023)
SRR10898067_1	(1.0, 66.68554453108409)	(2.0, 11.02509458822379)	(3.0, 2.757291419775748)	(4.0, 1.0930440484141606)	(5.0, 0.6058883417560763)	(6.0, 0.39344627116902964)	(7.0, 0.31005913616194214)	(8.0, 0.2657534808537974)	(9.0, 0.21484854089602207)	('>10', 2.949533890044851)	('>50', 1.1357939570868967)	('>100', 3.04824943321363)	('>500', 1.8406210504009062)	('>1k', 4.73972087073178)	('>5k', 1.4742692671574542)	('>10k+', 1.460841173030043)
SRR10898067_2	(1.0, 69.43417634238054)	(2.0, 10.240050151853303)	(3.0, 2.455133687431817)	(4.0, 0.9416889190992156)	(5.0, 0.567386694117736)	(6.0, 0.40737275430089054)	(7.0, 0.3200268336006665)	(8.0, 0.257439115481303)	(9.0, 0.2327886006621483)	('>10', 2.870477707000018)	('>50', 1.1386014683708912)	('>100', 2.983301170370095)	('>500', 1.7112842089955247)	('>1k', 4.173870960162986)	('>5k', 1.1537238627815518)	('>10k+', 1.1126775233914032)
SRR10898068_1	(1.0, 60.22625229082805)	(2.0, 12.610547772158789)	(3.0, 3.071232699316976)	(4.0, 1.2086473158289393)	(5.0, 0.6313102757025856)	(6.0, 0.4324980589027796)	(7.0, 0.31818150496907244)	(8.0, 0.26859305953238444)	(9.0, 0.21793147285165915)	('>10', 3.0378045576620054)	('>50', 1.2421974770113757)	('>100', 3.7946326757660085)	('>500', 2.004905348122405)	('>1k', 5.4095817047357135)	('>5k', 2.0042655269892107)	('>10k+', 3.5214182596221013)
SRR10898068_2	(1.0, 63.51844801505633)	(2.0, 11.60243569482898)	(3.0, 2.655309092435039)	(4.0, 1.0593311599270314)	(5.0, 0.5774518639752169)	(6.0, 0.44997832439255486)	(7.0, 0.3166533418434923)	(8.0, 0.28588458114827714)	(9.0, 0.24152998021526664)	('>10', 3.029573878518178)	('>50', 1.2575266831911327)	('>100', 3.72231296738691)	('>500', 1.8224140275612488)	('>1k', 4.666867271753061)	('>5k', 1.9703597729178)	('>10k+', 2.8239233448497267)
